  49.7069      0.294570      -1.24220    
  49.5851       1.35468      -1.31704    
  49.5381       2.32635      -1.03184    
  49.3990       3.31011     -0.603338    
  48.7623       4.44217     -0.381566    
  48.3339       5.55842     -0.271191    
  47.9445       6.41501     -0.211932    
  47.7120       7.29688     -0.266410    
  47.6069       8.28368     -0.135440E-01
  47.3246       9.17386      0.647481    
  47.1122       10.1076      0.703419    
  46.7023       11.1313      0.372907    
  46.5625       12.1370      0.142461    
  47.1265       12.9264     -0.236581    
  47.4248       14.0875     -0.200879    
  47.7372       14.9463      0.115753    
  47.7612       15.9487      0.550718    
  47.6021       17.0057      0.725765    
  47.4107       18.0703      0.640964    
  47.0455       19.1243       1.00136    
  46.3697       20.0347      0.897117    
  45.8308       20.9272       1.11876    
  45.1132       21.9042      0.883471    
  44.3003       22.6274      0.677177    
  43.7120       23.3797      0.231939    
  43.2117       24.3689      0.124792    
  42.8730       25.2287     -0.385234    
  42.0363       25.7720      0.121400    
  41.0639       26.5286     -0.316843    
  40.8023       27.5586     -0.644917    
  40.3876       28.4180      -1.06280    
  40.3331       29.5512      -1.53053    
  39.8832       30.5287      -1.78728    
  39.5683       31.4503      -1.30673    
  38.9739       32.1979     -0.924778    
  38.1675       32.7552      -1.10491    
  37.6763       33.8603     -0.940639    
  36.8160       34.7504     -0.743336    
  36.0956       35.3529     -0.444261    
  35.1604       35.7297     -0.645986E-01
  34.2927       36.1237     -0.121061    
  33.5284       36.6204     -0.138723    
  32.5805       37.3774     -0.133389E-01
  31.6002       37.8097     -0.139366    
  30.7775       38.4378     -0.113842    
  29.8966       39.0345     -0.416373    
  29.1276       39.8991     -0.633767    
  28.5016       40.6402     -0.669737    
  27.6275       40.9604     -0.485949    
  26.7857       41.6938     -0.633722    
  26.0440       42.6030     -0.587136    
  25.0379       43.3843     -0.441586    
  24.0089       43.6468     -0.278172    
  22.8755       43.8323     -0.840984    
  22.0123       44.6210     -0.901063    
  21.1642       45.2302     -0.880702    
  20.3612       45.6301     -0.903142    
  19.5243       46.1002     -0.642921    
  18.6183       46.4603     -0.452571    
  17.5752       46.9638     -0.310239    
  16.4972       47.2616     -0.648947    
  15.6313       47.7536     -0.491959    
  14.5181       47.7859     -0.259762    
  13.4489       47.9760     -0.472892    
  12.4104       48.0918     -0.580908    
  11.5060       48.2711      -1.01192    
  10.6563       48.4582      -1.22546    
  9.99866       49.1807      -1.25659    
  9.09526       49.5922     -0.610063    
  8.16210       50.0910     -0.290853    
  7.19179       50.6147      0.644062E-01
  5.96475       50.5144      0.296187    
  4.71297       50.6915      0.443748    
  3.72773       50.5178      0.438443    
  2.89359       50.1133      0.698606    
  1.99507       49.6827      0.691928    
  1.13991       49.7499      0.116722    
 0.548080       50.4456      0.140108    
-0.492039       50.0386     -0.122793    
 -1.62717       49.7115      0.606595E-01
 -2.71744       49.4355      0.286412    
 -3.69872       49.4779      0.134851    
 -4.65517       49.3349     -0.113944    
 -5.69449       49.4536     -0.214580    
 -6.79536       49.7290     -0.452293E-01
 -7.67191       49.9646      0.115818    
 -8.62065       50.2302     -0.221895E-01
 -9.79373       50.5800      0.916510E-01
 -10.7874       50.4408      0.679905    
 -11.5715       49.7079      0.978626    
 -12.1453       48.8578      0.518982    
 -13.1724       48.7565      0.777378E-01
 -14.1317       48.2706     -0.369084E-01
 -15.2735       47.9264      0.911056E-01
 -16.1647       47.1713      0.418786    
 -17.1560       46.6642      0.564411    
 -18.1997       46.6968      0.412944    
 -19.0636       46.0364      0.491851    
 -20.0225       45.9511      0.863746    
 -21.1087       45.9268      0.992670    
 -22.0220       45.5486       1.00907    
 -23.1966       45.0762      0.973426    
 -24.2690       44.6636       1.04025    
 -25.0360       43.6458       1.02891    
 -25.4968       42.7415      0.551155    
 -26.4883       42.3958      0.375636    
 -27.5417       42.1884      0.318344    
 -28.4741       41.8470     -0.445390E-01
 -29.1926       41.3566      0.125743    
 -29.4682       40.2614     -0.101752E-01
 -29.9255       39.3281      0.151542    
 -30.8047       38.5037     -0.384788    
 -31.7948       38.1377     -0.756901    
 -32.6158       37.5611     -0.300757    
 -33.4829       36.7967     -0.318249    
 -34.1548       36.2649     -0.711285    
 -35.0415       35.5908     -0.975150    
 -35.8776       35.2181     -0.943544    
 -36.7471       34.4904     -0.528067    
 -37.0030       33.3471     -0.440451    
 -37.6313       32.5222     -0.590033    
 -38.4030       31.7756     -0.589612    
 -39.0787       31.2319     -0.300300    
 -40.0606       30.5381     -0.249760    
 -40.8025       29.7484     -0.165816    
 -41.7303       29.5584     -0.253516E-01
 -42.0920       28.6634      0.460302    
 -42.3421       27.6284      0.527776E-01
 -43.1100       26.7970     -0.275539E-01
 -43.6897       25.9612     -0.554802E-01
 -44.0966       24.9158     -0.569673E-01
 -44.8073       23.8862      0.175873E-01
 -44.9036       22.6854     -0.242353    
 -45.1273       21.7716     -0.146478    
 -45.3983       20.8612     -0.695752    
 -45.9935       19.8614     -0.782879    
 -46.8491       19.2353     -0.340239    
 -47.4773       18.4477      0.129863E-01
 -47.6188       17.3742      0.241081    
 -48.1989       16.4776      0.730230E-01
 -48.8996       15.7937     -0.204267    
 -49.1826       14.8158      0.835292E-01
 -49.5887       13.9031     -0.648367E-01
 -49.2861       12.7701     -0.132865    
 -49.1608       11.6991     -0.227252    
 -49.4682       10.5766     -0.195063    
 -49.2077       9.45324     -0.422214    
 -49.4185       8.50458     -0.592979    
 -49.4122       7.25015     -0.876193    
 -49.8426       6.27472      -1.33555    
 -50.0615       5.31794      -1.48066    
 -50.5530       4.45502      -1.41141    
 -50.6197       3.26999      -1.18898    
 -50.5558       2.31875      -1.00736    
 -50.3891       1.05649      -1.16177    
 -50.0572      0.770962E-01  -1.07233    
 -49.5313     -0.696815      -1.42775    
 -49.7483      -1.85545      -1.79421    
 -49.8628      -2.85681      -1.49055    
 -49.8129      -3.88907      -1.52909    
 -49.6459      -4.93702      -1.25652    
 -49.6295      -6.13923      -1.03809    
 -49.5661      -7.24160      -1.13141    
 -49.6301      -8.27130      -1.12981    
 -49.5818      -9.35055      -1.06315    
 -48.9387      -10.0612      -1.18089    
 -49.0003      -11.1287      -1.15433    
 -49.1902      -12.3497      -1.49711    
 -49.0271      -13.5009      -1.38720    
 -48.6245      -14.5829      -1.14979    
 -48.5670      -15.6883      -1.02562    
 -48.7613      -16.9126      -1.00204    
 -48.4432      -18.1979     -0.867761    
 -47.7244      -19.0416      -1.07858    
 -47.1086      -19.9836      -1.39351    
 -46.6689      -21.0385      -1.22238    
 -46.0834      -21.8646     -0.920126    
 -45.4786      -22.6747     -0.733274    
 -44.6733      -23.4682     -0.494616    
 -43.8798      -24.3781     -0.156976    
 -43.1546      -25.1024     -0.389145    
 -42.2976      -25.9584     -0.243084    
 -41.6627      -26.6898      0.112939    
 -40.9366      -27.4889     -0.993557E-01
 -40.4221      -28.1690     -0.527849    
 -40.4664      -29.1231      -1.03657    
 -39.8883      -30.1878      -1.40746    
 -39.3025      -31.0155      -1.63788    
 -38.7576      -31.8979      -1.52768    
 -38.1415      -32.4197      -2.16506    
 -37.6680      -33.4504      -2.67859    
 -37.1113      -33.9869      -2.10023    
 -36.4769      -34.4027      -1.51401    
 -35.4512      -35.0484      -1.29797    
 -34.6285      -35.7216      -1.31113    
 -34.1857      -36.9475      -1.20022    
 -33.8652      -37.6874     -0.696222    
 -33.2019      -38.2392     -0.270764    
 -32.6192      -38.9248      0.318726    
 -31.4540      -39.0387      0.556302    
 -30.5095      -39.3876      0.503242    
 -29.7809      -39.8236      0.201573    
 -29.0182      -40.6938     -0.748996E-01
 -28.3768      -41.7215      0.331722E-01
 -27.3153      -42.3277     -0.713182E-02
 -26.4486      -42.8805      0.162032    
 -25.4506      -43.2902      0.303158    
 -24.4165      -43.6875      0.243832    
 -23.5819      -44.2430      0.125232    
 -22.8407      -44.6082      0.569256    
 -21.9876      -45.2973      0.914615    
 -20.8436      -45.6400      0.992778    
 -19.8461      -45.8977      0.879012    
 -18.8685      -45.9494      0.694693    
 -18.3321      -46.3479      0.794575E-01
 -17.5767      -47.2473     -0.160056    
 -16.5492      -47.7296     -0.480832    
 -15.5119      -48.1688     -0.976830    
 -14.6547      -48.8453     -0.845764    
 -13.6826      -49.5890     -0.910229    
 -12.7532      -49.8230     -0.294226    
 -11.8403      -49.7547      0.111464    
 -10.7671      -50.1308      0.402761    
 -9.62099      -50.0922      0.675615    
 -8.70640      -49.6203      0.807720    
 -7.55327      -49.6100      0.307616    
 -6.54043      -49.8515     -0.421157E-01
 -5.43891      -49.8417     -0.111423    
 -4.53256      -50.2811      0.323420    
 -3.56740      -49.9375      0.677383    
 -2.92164      -49.2265      0.342306    
 -2.05429      -49.3036     -0.718368E-01
 -1.11712      -49.4599     -0.389098    
-0.787827E-02  -49.6554     -0.688626    
  1.00032      -49.2544     -0.847766    
  1.99604      -48.9547      -1.16852    
  2.72741      -49.4546      -1.23109    
  3.72116      -49.8696      -1.00792    
  4.69682      -49.7505      -1.13622    
  5.80690      -49.7806      -1.64965    
  6.78935      -49.8055      -1.34486    
  7.97908      -50.0161      -1.35072    
  8.87386      -49.7149      -1.25618    
  9.83754      -49.8102     -0.837261    
  10.7423      -49.6064     -0.416165    
  11.8407      -48.9688     -0.278929    
  13.0394      -48.5468     -0.274615    
  13.8260      -47.9608     -0.768154E-01
  14.7083      -47.3208     -0.107432    
  15.8509      -47.1203     -0.200945E-01
  16.7942      -46.7337      0.417421    
  17.7696      -46.4641      0.837818    
  18.3827      -45.5660       1.19972    
  19.5032      -44.9595       1.24784    
  20.2645      -44.3712       1.23423    
  21.0512      -43.5635       1.39437    
  22.0229      -42.9223       1.08731    
  23.0656      -42.7527      0.914192    
  23.8807      -42.5995       1.45057    
  24.4729      -42.0685       1.61854    
  25.3589      -41.6718       2.02359    
  26.3631      -41.1323       2.26931    
  27.1737      -40.5399       1.77859    
  28.2265      -40.1779       1.44628    
  28.9051      -39.5393       1.16268    
  29.8835      -39.1675       1.20028    
  30.7519      -38.6414      0.676308    
  31.8885      -38.1536      0.600244    
  32.7382      -37.5076      0.428328    
  33.3841      -36.8409      0.167026    
  34.2255      -36.1492      0.405191E-01
  35.0387      -35.3457     -0.970633E-01
  35.8354      -34.7157     -0.134209    
  36.0385      -33.6117      0.147461    
  36.4336      -32.4949      0.308087    
  37.1926      -31.6538      0.540373    
  37.7001      -30.6609      0.617266    
  38.1298      -29.7954      0.155229    
  38.9610      -29.2284     -0.969906E-01
  39.8508      -28.8943      0.139899    
  40.5109      -28.1763      0.440892    
  41.0930      -27.2530      0.202912    
  41.8384      -26.5608      0.331947    
  42.4398      -25.9532      0.870971    
  42.9423      -25.1470       1.33463    
  43.6010      -24.3487       1.28226    
  44.3052      -23.6336       1.61694    
  45.0368      -22.7579       1.87619    
  45.5991      -21.8305       1.96789    
  45.8139      -20.7683       1.75135    
  46.1790      -19.9132       1.18288    
  46.9773      -19.1685      0.994056    
  47.0835      -17.9910      0.846942    
  46.9671      -17.1503      0.497644    
  47.1204      -16.1226      0.254325    
  47.6096      -15.2077      0.376408E-01
  48.0319      -14.1412     -0.244064    
  47.9716      -13.0959     -0.568477    
  48.3615      -12.0184     -0.618129    
  48.5255      -10.8634     -0.395776    
  48.5707      -9.93396     -0.648073    
  48.6978      -9.00128     -0.418859    
  48.7394      -7.92576     -0.457918    
  48.9974      -6.78823     -0.498754    
  49.3775      -5.78671     -0.274626    
  49.1891      -4.84314     -0.770672    
  49.4097      -3.76569     -0.559328    
  49.5139      -2.65781     -0.885669    
  49.4458      -1.81884     -0.574118    
  49.3646     -0.590911     -0.728228    
