  49.2350     -0.169872      -1.16972    
  49.5922      0.773005      -1.30967    
  49.4050       1.70570     -0.867865    
  48.8612       2.65837      -1.05428    
  48.4855       3.64680      -1.05325    
  48.4646       4.78683      -1.02295    
  48.6576       5.92965     -0.789103    
  48.3848       7.07185     -0.779182    
  48.5189       8.06477     -0.971422    
  48.2361       9.01953      -1.46727    
  48.2107       10.0131      -1.73779    
  48.1175       11.1539      -1.97706    
  47.6131       12.0080      -1.75500    
  47.0587       13.0224      -1.54265    
  46.7758       14.0547      -1.65275    
  46.3929       14.8391      -1.74314    
  45.7327       15.6764      -1.86460    
  45.8465       16.5355      -1.28210    
  45.7185       17.6674      -1.11729    
  45.5398       18.7447      -1.04735    
  45.2725       19.8156     -0.856291    
  44.9688       20.8453     -0.506527    
  43.9622       21.6444     -0.536172    
  43.4666       22.4294     -0.875010    
  42.5548       23.1244     -0.730946    
  41.7194       23.9945     -0.861458    
  40.8588       24.6966     -0.788299    
  40.3242       25.7131      -1.05170    
  40.0827       26.5933     -0.850954    
  39.7824       27.4571      -1.17104    
  39.2049       28.2610      -1.18772    
  38.3840       28.8384      -1.46045    
  38.0057       29.7719      -1.15465    
  37.4498       30.6033      -1.23148    
  37.0228       31.3013      -1.93566    
  36.6587       32.2580      -2.05573    
  35.9739       33.2328      -1.63277    
  35.3787       33.9300      -1.51034    
  34.5469       34.5197      -1.11265    
  33.9398       35.4589     -0.971068    
  33.3139       36.1130     -0.644868    
  32.4076       36.5641     -0.220979    
  31.6758       37.2715      0.328830    
  30.8853       37.7947     -0.726142E-02
  30.3651       38.7288     -0.246575    
  29.2952       39.2839     -0.469994    
  28.3557       39.1687     -0.851140    
  27.6660       39.6693      -1.47164    
  27.4276       40.8767      -1.69066    
  26.9152       41.7280      -1.17362    
  26.2045       42.3408      -1.22233    
  25.3606       43.2087      -1.13623    
  24.2666       43.1693     -0.715037    
  23.3309       43.4278     -0.573810    
  22.2446       43.7676     -0.645558    
  21.2675       44.3478     -0.373635    
  20.2189       44.5521     -0.380140E-02
  19.2359       44.9154      0.139896    
  18.2441       45.4149      0.184284    
  17.4199       46.0283      0.197756    
  16.2608       45.9681     -0.180456E-01
  15.4061       46.5010     -0.453157    
  14.7269       47.1125      -1.01202    
  13.6813       47.7407      -1.25716    
  12.6784       48.3562     -0.903892    
  11.8499       48.8903      -1.06090    
  11.0100       49.4969      -1.20126    
  10.3699       49.9560     -0.719317    
  9.48154       50.3225     -0.179317    
  8.39656       50.5491      0.194818    
  7.29651       50.9550      0.226374    
  6.25060       50.7808      0.468898    
  5.24351       50.6438      0.685761    
  4.37681       50.5238       1.15008    
  3.51312       50.2762       1.53318    
  2.53184       50.1477       1.47025    
  1.18263       50.3319       1.25314    
-0.138285E-03   50.1576       1.09057    
-0.919602       50.0374       1.02010    
 -1.73403       49.5874      0.771559    
 -2.69156       49.3900      0.417881    
 -3.80196       49.1645      0.266455    
 -4.96547       49.0758     -0.149566    
 -5.71241       49.4568     -0.625018    
 -6.19909       50.0662      -1.06739    
 -7.17543       50.3163      -1.24595    
 -8.36627       50.5291     -0.987145    
 -9.45644       50.7320      -1.48644    
 -10.4342       51.0854      -1.25903    
 -11.4709       50.6055     -0.973096    
 -12.6362       50.1719     -0.653533    
 -13.5833       49.5031     -0.524417    
 -14.6429       49.0935     -0.484003    
 -15.8388       48.8127     -0.436171    
 -16.7728       48.4849     -0.614009    
 -17.6669       48.0738     -0.319666    
 -18.5497       47.4270     -0.284751    
 -19.3411       46.8375     -0.358632    
 -20.4274       46.4260     -0.307239    
 -21.1889       45.7607      0.176301    
 -21.7045       45.1221      0.699420E-01
 -22.6011       44.4371     -0.166475    
 -23.5185       43.9680     -0.880002E-01
 -24.5620       43.5051      0.501076E-01
 -25.1981       42.7785     -0.176533    
 -26.1456       42.1120      0.226109E-02
 -27.1333       41.2920     -0.124290    
 -28.2464       40.7849     -0.120136    
 -29.0087       40.1857      0.191358    
 -29.4346       39.4942      0.935870    
 -29.9673       38.3176      0.899123    
 -30.7347       37.3669      0.598741    
 -31.1926       36.6988      0.117634    
 -31.7639       36.2000     -0.123659    
 -32.5138       35.6307     -0.141647    
 -33.4492       35.1160     -0.353971    
 -34.3444       34.6024     -0.494549    
 -35.2741       34.1191     -0.700830    
 -36.1903       33.3472     -0.825528    
 -36.9338       32.5828      -1.38729    
 -37.8710       32.2690      -1.65210    
 -38.6421       31.6072      -1.86754    
 -39.5401       30.7123      -1.79418    
 -40.2297       29.7959      -1.66822    
 -41.2067       29.4490      -1.42497    
 -42.1982       28.6703      -1.47013    
 -42.9089       27.8453      -1.60998    
 -43.3754       26.8842      -1.58846    
 -44.2784       26.2401      -1.47565    
 -44.5912       25.3285      -1.05892    
 -45.0077       24.2996      -1.12177    
 -45.1795       23.0665      -1.16356    
 -46.0227       22.2609      -1.24488    
 -46.5950       21.4315     -0.821520    
 -46.8845       20.3431     -0.590882    
 -47.1673       19.2157     -0.859923    
 -47.8140       18.5693      -1.32569    
 -48.2290       17.6337     -0.750128    
 -48.6390       16.6072     -0.780794    
 -49.1044       15.7027     -0.999619    
 -49.4976       14.8402     -0.503542    
 -49.1772       14.0680     -0.386744E-01
 -49.2007       13.1132     -0.322120    
 -49.3950       11.9419     -0.454064    
 -49.1186       10.7215     -0.464061    
 -49.5171       9.88713     -0.349312    
 -49.1706       8.97265     -0.498780    
 -49.4803       8.08638     -0.758117    
 -49.2770       6.94100     -0.952703    
 -48.8926       6.03884     -0.919935    
 -48.6012       5.04078     -0.980092    
 -48.4064       4.19286      -1.18113    
 -48.5748       3.05334      -1.08971    
 -49.1263       2.10926      -1.07550    
 -49.4681       1.06758      -1.31214    
 -49.7446      0.142980      -1.63557    
 -50.0386     -0.885419      -2.07937    
 -50.1574      -1.88174      -1.90767    
 -50.1327      -2.86624      -2.01124    
 -49.9493      -3.83745      -1.80871    
 -49.7461      -4.72498      -2.19256    
 -49.6390      -5.87533      -2.65011    
 -49.6185      -7.04172      -2.76259    
 -49.5178      -7.93632      -2.74168    
 -49.5555      -8.92355      -2.91881    
 -49.8997      -9.85616      -2.75434    
 -49.6425      -10.9212      -2.38907    
 -49.1562      -11.9349      -2.76153    
 -48.9592      -12.9361      -2.68205    
 -48.6130      -13.8243      -2.61864    
 -48.2452      -14.9776      -2.41194    
 -48.1081      -15.6693      -1.61240    
 -47.7959      -16.6881      -1.77917    
 -47.1406      -17.4933      -1.74999    
 -46.4263      -18.4648      -1.93150    
 -46.1830      -19.4228      -1.81737    
 -45.7829      -20.2308      -1.32202    
 -45.1687      -21.2050      -1.27310    
 -44.6620      -22.1916      -1.03353    
 -44.2749      -23.0717     -0.938102    
 -43.4811      -23.9552     -0.937986    
 -42.9907      -25.0323     -0.893078    
 -42.5128      -26.0108     -0.957845    
 -41.7976      -26.9037     -0.866811    
 -41.1334      -27.7487     -0.713837    
 -40.5010      -28.6514     -0.659225    
 -39.7507      -29.6379     -0.752603    
 -39.3952      -30.5841     -0.902312    
 -38.4106      -31.3498      -1.26580    
 -37.7460      -32.2335      -1.25726    
 -37.1857      -32.8284      -1.71988    
 -36.6635      -33.5093      -2.17837    
 -36.2515      -34.5565      -2.17754    
 -36.2348      -35.4453      -2.45397    
 -35.5873      -36.3020      -2.28186    
 -34.6492      -36.8047      -2.18459    
 -33.8567      -37.3711      -2.15497    
 -33.5351      -38.0036      -1.62407    
 -32.6262      -38.4302      -1.31663    
 -31.7677      -39.1444      -1.35508    
 -30.9784      -39.5614     -0.951061    
 -30.0407      -39.8967     -0.663653    
 -29.5616      -40.7963     -0.627842    
 -29.3602      -41.7109     -0.678906    
 -28.3961      -42.4013     -0.872253    
 -27.5057      -43.0194     -0.804267    
 -26.4367      -43.2440     -0.905700    
 -25.5225      -43.7625     -0.555080    
 -24.5982      -44.0969     -0.462916    
 -23.2991      -44.2766     -0.631139    
 -22.3532      -44.8505     -0.288339    
 -21.6365      -45.2942      0.905234E-01
 -20.7197      -45.9725      0.305886    
 -19.7776      -46.2660      0.279830    
 -18.6212      -46.3561      0.161972    
 -17.7485      -46.4992      0.979454E-03
 -16.8275      -47.2413     -0.485430    
 -15.7943      -47.2180     -0.635605    
 -14.8100      -47.5449     -0.676894    
 -13.8373      -47.8137     -0.623013    
 -12.7197      -47.3531     -0.293316    
 -11.7695      -47.6345     -0.433728    
 -10.9241      -48.2728     -0.722711    
 -9.91538      -48.7622     -0.845684    
 -9.00481      -49.1463     -0.663368    
 -7.83866      -49.1420     -0.571416    
 -6.92202      -48.8211      -1.11655    
 -6.32902      -49.6440      -1.21168    
 -5.82717      -49.6647     -0.366464    
 -4.91293      -49.1144      0.275583E-01
 -3.84042      -48.8296     -0.242312    
 -3.01783      -48.8305     -0.482715    
 -1.96820      -49.0031     -0.338568    
-0.805213      -49.2737     -0.743870    
 0.458292      -49.1769     -0.970965    
  1.78702      -49.2396      -1.12992    
  2.72451      -49.2297      -1.57072    
  3.72136      -49.5092      -1.76544    
  4.82421      -49.2747      -1.55264    
  5.83743      -49.0250      -1.94217    
  7.13660      -48.9477      -1.96736    
  8.16590      -49.0273      -1.77798    
  9.17492      -49.0060      -1.54169    
  10.2584      -48.9773      -1.25392    
  10.9453      -48.4036     -0.848329    
  11.9307      -47.8458     -0.758718    
  12.8828      -47.5028     -0.778046    
  13.9051      -46.8502     -0.810495    
  14.8311      -46.6193     -0.880759    
  15.7597      -46.7335     -0.534377    
  16.4980      -46.4817     -0.668856E-01
  16.9953      -45.6029     -0.110486    
  17.8865      -45.2883     -0.816930    
  19.0518      -45.2538     -0.659989    
  20.1264      -45.0032     -0.299048    
  20.9073      -44.6777      0.466491    
  21.5810      -43.9141      0.395330    
  22.5337      -43.2932      0.263042    
  23.3580      -42.7778      0.298666    
  24.2474      -42.1038      0.608207    
  25.2246      -41.4123      0.784316    
  26.3672      -41.1077      0.836861    
  27.1608      -40.4624      0.996781    
  27.9944      -39.6992      0.736538    
  28.8062      -39.5195      0.889687    
  29.5031      -38.7583       1.08923    
  30.1420      -38.0403       1.10748    
  30.7309      -37.1460       1.20713    
  31.6349      -36.5024       1.03393    
  32.3466      -36.0908       1.13933    
  33.1706      -35.7223      0.858652    
  34.1482      -35.1992      0.753902    
  35.1166      -34.6564      0.569952    
  35.5639      -33.8632      0.671376    
  36.1575      -32.9025      0.495597    
  36.7516      -32.1216      0.457305    
  37.6678      -31.3648      0.453800    
  38.0626      -30.4133      0.446056    
  38.9010      -29.6888      0.253955    
  39.9621      -29.1818      0.823078E-01
  40.7561      -28.4366      0.193157    
  41.4962      -27.6659      0.705699    
  42.2764      -27.0656      0.957001    
  42.8775      -26.1140       1.02299    
  43.5214      -25.2544      0.853017    
  43.8383      -24.3613      0.783020    
  44.1305      -23.3045      0.730024    
  44.6068      -22.3429      0.374831    
  45.1483      -21.4493      0.103077    
  45.6286      -20.5328      0.309204    
  45.4042      -19.4042      0.120670    
  45.7688      -18.6042     -0.217408    
  46.5842      -17.8822     -0.370809    
  47.1466      -16.9708     -0.970876E-02
  47.5580      -16.1613      0.537245    
  47.2657      -15.2770      0.662331    
  47.8168      -14.2391      0.178515    
  47.7729      -13.1116      0.267957    
  48.0313      -12.0264      0.114689E-01
  48.5668      -11.3683     -0.428478    
  48.9126      -10.3325     -0.207698    
  48.8951      -9.27405     -0.505609    
  49.0629      -8.20523     -0.439104    
  49.2941      -7.24435     -0.841985    
  49.8221      -6.40780     -0.612773    
  49.8187      -5.29725     -0.161942    
  49.5971      -4.47297     -0.482961    
  49.0250      -3.59344     -0.870633    
  48.8486      -2.43102      -1.17217    
  48.9707      -1.40657      -1.08817    
