  48.7904     -0.208496      -1.05082    
  49.0695      0.814083      -1.38123    
  49.6232       1.53878      -1.16395    
  49.0124       2.69618     -0.847145    
  48.6886       3.73749      -1.08176    
  48.2276       4.71495     -0.974127    
  48.0760       5.93872     -0.695960    
  48.0038       7.07173     -0.836427    
  48.1815       8.14961     -0.544261    
  47.9966       9.00509     -0.567885    
  47.8796       9.99165     -0.425745    
  47.8057       11.0814     -0.416119    
  47.2394       11.8957     -0.512065    
  46.6626       12.8427     -0.917807    
  46.2490       13.7214      -1.12759    
  45.9704       14.5874      -1.55714    
  46.1362       15.6646      -1.51765    
  45.8905       16.6371      -1.30729    
  45.0999       17.4559      -1.15286    
  44.5310       18.4470      -1.07853    
  44.2070       19.4962      -1.17324    
  43.5521       20.5487      -1.46144    
  43.2573       21.1377      -1.93965    
  42.6238       22.0747      -2.03402    
  42.2748       23.0327      -2.32709    
  41.7662       24.0744      -2.19065    
  40.8471       24.4749      -2.21275    
  40.1546       25.2295      -2.55633    
  39.7989       26.2462      -2.66185    
  39.5399       27.3130      -2.43704    
  38.8183       28.0139      -2.11110    
  37.9239       28.3753      -1.61520    
  37.1405       29.1180      -1.37284    
  36.2066       29.5932      -1.43792    
  35.8476       30.2414      -2.09086    
  35.2817       31.2822      -2.06242    
  34.7139       32.0432      -1.34657    
  34.0513       32.7818      -1.26672    
  33.8707       33.5301     -0.716881    
  33.4995       34.1917     -0.982476E-01
  32.5303       34.4773     -0.514881E-01
  31.5743       35.2614      0.259970    
  30.7407       35.7704      0.190297    
  29.8267       36.4817     -0.102265    
  29.1883       37.2955     -0.199030    
  28.2537       37.8065     -0.450075    
  27.7373       38.7349     -0.617445    
  27.0307       39.3883     -0.912720    
  26.7889       40.4931     -0.958725    
  26.4183       41.3231     -0.361312    
  25.5010       41.9131      0.124226    
  24.6288       42.3409      0.152909    
  23.9785       43.1811      0.118699E-01
  23.0918       43.5884      0.170271E-01
  22.1645       43.8365      0.267564    
  21.1760       44.3450      0.412863    
  20.0813       44.3579      0.747117    
  18.9776       44.0765      0.988249    
  18.2160       44.5857      0.782724    
  17.1384       44.6492      0.662828    
  16.2446       44.9515      0.592162    
  15.5520       45.4283      0.423557    
  14.7188       45.8897     -0.235153    
  13.7720       46.6499     -0.285237    
  13.0558       47.2770     -0.561845    
  12.2141       48.0372     -0.642885    
  11.4195       48.7601     -0.960945    
  10.7571       49.7282     -0.787008    
  9.99266       50.3039     -0.453175    
  8.94982       50.5168     -0.113203    
  7.97039       50.0370     -0.175788    
  6.99622       50.4482     -0.402325    
  6.01851       50.6343     -0.131880    
  4.99429       50.7892      0.173081    
  3.96916       50.6552      0.483869    
  2.95366       50.9543      0.427028    
  1.73741       50.9547      0.415214    
 0.717057       51.2576      0.196543    
-0.272313       51.2439      0.463698    
 -1.21068       50.5483      0.585962    
 -2.19628       50.4576      0.378785    
 -3.39539       50.4364     -0.331037E-01
 -4.33006       50.2750      0.100738    
 -5.25973       49.8414     -0.770547E-01
 -6.12391       49.6519     -0.413906    
 -7.22657       49.8482     -0.650810    
 -8.34027       49.9580     -0.757353    
 -9.27621       50.1533      -1.20426    
 -10.2864       50.1209     -0.682884    
 -11.3923       49.6186     -0.577282    
 -12.3827       49.1075     -0.945730    
 -13.2745       48.6286      -1.26686    
 -14.4639       48.5208      -1.40704    
 -15.5040       47.8035      -1.29794    
 -16.3681       47.3249      -1.03824    
 -17.2268       46.6156      -1.49239    
 -18.1688       46.1190      -1.42042    
 -19.2295       45.8941      -1.37955    
 -20.1630       45.3536     -0.996675    
 -21.2110       45.3143     -0.783112    
 -22.0769       44.8152     -0.377187    
 -23.0012       44.5053     -0.502328    
 -23.9384       43.9150     -0.374000    
 -24.7773       43.2179      0.443580E-01
 -25.6852       42.4703      0.536453    
 -26.1930       41.6675     -0.137310    
 -27.3086       41.2765     -0.153674    
 -28.2780       40.9857      0.135457E-01
 -29.2043       40.4351     -0.135418    
 -29.8602       39.7001      0.351098E-01
 -30.5482       38.8738      0.204285    
 -31.3651       38.1257      0.645065E-01
 -31.9274       37.4529      0.129080    
 -32.3536       36.4928      0.398439E-01
 -32.7161       35.6507     -0.232124    
 -33.3538       34.6855     -0.650532    
 -34.2944       34.2757     -0.585240    
 -34.9602       33.3658     -0.825184    
 -35.7855       32.6988     -0.575502    
 -36.7207       31.9812     -0.586203    
 -37.6464       31.7564     -0.365981    
 -38.3578       30.8390     -0.423249    
 -38.8191       30.0032     -0.806199    
 -39.5092       29.2649      -1.10632    
 -40.6988       28.8856      -1.57529    
 -41.5841       28.3544      -1.65065    
 -42.4613       27.6269      -1.45234    
 -42.9595       26.8236      -1.60469    
 -43.2188       26.0387      -1.87780    
 -43.4596       25.0740      -1.59419    
 -44.0553       24.2104      -1.43808    
 -44.3465       23.1859      -1.39680    
 -44.7218       22.4399     -0.855019    
 -44.9940       21.4368     -0.830692    
 -45.5532       20.4348     -0.846379    
 -46.2697       19.5069     -0.819410    
 -46.3417       18.4496     -0.881327    
 -46.4835       17.5883     -0.686614    
 -46.8490       16.5729     -0.516210    
 -47.0978       15.6414     -0.993885E-01
 -47.6311       14.8094      0.148754    
 -47.9814       13.8679      0.242564    
 -48.0025       12.8483     -0.250722    
 -48.4134       12.1577     -0.710372    
 -49.3183       11.3231     -0.805768    
 -49.6293       10.3935     -0.476735    
 -49.6624       9.29031     -0.253049    
 -49.2897       8.30492     -0.517052    
 -49.1816       7.26214     -0.497103    
 -49.0004       6.30316     -0.742870    
 -49.0240       5.24244     -0.976588    
 -49.3427       4.14515      -1.09481    
 -49.4760       3.08748     -0.932021    
 -49.4027       2.06855     -0.974697    
 -48.9867       1.08987      -1.02183    
 -49.0199      0.235374      -1.57390    
 -49.2032     -0.806506      -1.64213    
 -49.6199      -1.83859      -1.80021    
 -49.8861      -2.78597      -2.39001    
 -50.2376      -3.81426      -2.56528    
 -50.3847      -4.92277      -2.80468    
 -50.2016      -6.01443      -2.65524    
 -50.0518      -7.04852      -2.82863    
 -50.0396      -8.10156      -2.70227    
 -50.0913      -9.19237      -2.57305    
 -49.6061      -10.1230      -2.60093    
 -49.3915      -11.2254      -2.43344    
 -48.9504      -12.1576      -2.48148    
 -48.5189      -13.0505      -1.83969    
 -48.0068      -13.9285      -1.46391    
 -47.5888      -15.0383      -1.43417    
 -47.4002      -15.9436      -1.31207    
 -47.0969      -16.7509     -0.772636    
 -46.6770      -17.5759     -0.517846    
 -46.2630      -18.5181     -0.226181    
 -45.4290      -19.2133     -0.155623    
 -44.6486      -20.0445     -0.211117    
 -44.1783      -20.8786     -0.780509E-01
 -43.9809      -22.0229     -0.197602    
 -43.7466      -23.0290     -0.417860    
 -42.8714      -23.8661     -0.336856    
 -42.8041      -25.0264     -0.421217    
 -42.5878      -25.9779     -0.379136    
 -42.0863      -26.8676     -0.292040    
 -41.8046      -27.6579     -0.260331    
 -40.8848      -28.2818     -0.112154    
 -40.2053      -29.0033     -0.524714    
 -39.4857      -29.9209     -0.644085    
 -39.1284      -30.9824     -0.810685    
 -38.6981      -32.0113      -1.12598    
 -37.9986      -32.8955      -1.31166    
 -37.1316      -33.4818      -1.55674    
 -36.3529      -34.2538      -1.52272    
 -35.7174      -35.0936      -1.37782    
 -34.8130      -35.5931      -1.18400    
 -33.8651      -36.3325      -1.24590    
 -33.1560      -37.1631     -0.954429    
 -32.5260      -37.8708     -0.695396    
 -31.7850      -38.6328     -0.626001    
 -31.1643      -39.0712     -0.778796E-01
 -30.4844      -39.9370      0.573760E-01
 -29.6073      -40.6037     -0.953291E-01
 -28.6297      -41.1123      0.254502    
 -27.9202      -41.8871      0.433414    
 -27.4337      -42.8059      0.529199    
 -26.6307      -43.4725      0.530049    
 -25.7978      -43.6974       1.35374    
 -24.8528      -43.5859       1.83722    
 -23.7935      -43.4637       1.53043    
 -22.9570      -43.8848      0.947992    
 -22.2083      -44.2420      0.393327    
 -21.6282      -44.6905     -0.376380    
 -21.0094      -45.5496     -0.548267    
 -20.2032      -45.9575     -0.516414    
 -19.2916      -46.3852     -0.359240    
 -18.2277      -46.3682     -0.231362    
 -17.0602      -46.8092     -0.258900    
 -16.3062      -47.4880     -0.326392    
 -15.1637      -47.2385     -0.513420    
 -14.3348      -47.4482     -0.951549    
 -13.2573      -47.8220      -1.01682    
 -12.0456      -47.6711      -1.32943    
 -11.1050      -48.0932      -1.77994    
 -10.4453      -48.6435      -2.29899    
 -9.52548      -49.3178      -2.23953    
 -8.55741      -49.7700      -2.06466    
 -7.80724      -50.0973      -1.35923    
 -6.84784      -49.9361     -0.868872    
 -5.93120      -49.5132     -0.515279    
 -4.86432      -49.6567     -0.953153    
 -3.77914      -49.4456      -1.04901    
 -2.76729      -49.3264      -1.37916    
 -1.79628      -49.5089      -1.54671    
-0.865795      -49.5340      -1.76014    
 0.179488      -49.3581      -1.77386    
  1.21284      -49.5616      -1.43438    
  2.27533      -49.1851      -1.75441    
  3.30538      -49.1925      -1.97961    
  4.63901      -49.0695      -1.96860    
  5.74019      -49.0679      -1.75415    
  6.70786      -49.0047      -1.64024    
  7.79589      -48.9120      -1.42082    
  8.67488      -49.1598      -1.19009    
  9.75166      -48.8560      -1.05274    
  10.6835      -48.1522     -0.885859    
  11.7136      -47.7166     -0.997251    
  12.5704      -47.1513      -1.12154    
  13.7109      -46.9792     -0.879390    
  14.9275      -46.7438     -0.724061    
  15.8294      -46.2654     -0.629087    
  16.8183      -45.6130     -0.356156    
  17.6967      -45.0785     -0.266513    
  18.6583      -44.7314     -0.520347    
  19.8710      -44.8175     -0.230228    
  20.9822      -44.5646     -0.392203    
  21.8831      -44.2023      0.385405E-01
  22.7670      -43.6381     -0.919920E-01
  23.8564      -43.6259      0.104337    
  24.9001      -43.5474      0.595970    
  25.1268      -42.6961       1.21798    
  25.7586      -41.7977       1.40901    
  26.8166      -41.3452       1.04183    
  27.4880      -40.6871       1.24438    
  28.0646      -39.7116       1.48934    
  28.7085      -38.8084       1.25853    
  29.7463      -38.2982      0.885108    
  30.3269      -37.3953      0.806860    
  31.3442      -37.0441      0.893055    
  31.8788      -36.3938      0.532353    
  32.1724      -35.7905     -0.284186    
  33.1982      -35.3526     -0.347159    
  33.8229      -34.6357     -0.101506    
  34.6184      -33.8466      0.382531E-01
  35.2681      -33.1981     -0.551715E-01
  36.0350      -32.4306      0.249588    
  37.1316      -32.1151      0.519092    
  38.0836      -31.4684      0.772364    
  38.6252      -30.5523      0.659971    
  39.1663      -29.7346      0.418892    
  39.4122      -28.8020      0.400428    
  40.0901      -28.5955     -0.262584E-01
  40.7179      -27.9922     -0.271593    
  41.4630      -27.1559     -0.546421    
  42.1601      -26.4724     -0.784270    
  42.6663      -25.5437     -0.441244    
  43.3471      -24.8161     -0.951005E-01
  44.0433      -23.9546      0.413835    
  44.2889      -22.7161      0.737705    
  44.7660      -21.8347      0.707688    
  45.4732      -21.1435      0.306239    
  45.9618      -20.2143      0.306156    
  46.3999      -19.4139      0.349210    
  46.7640      -18.4631      0.364948    
  46.9493      -17.3840      0.264422    
  47.1154      -16.1493      0.634920E-01
  47.1989      -15.1498      0.290724    
  46.9487      -14.0444      0.349759    
  47.6157      -13.3536      0.165609    
  48.2489      -12.5565     -0.111659    
  48.4961      -11.6046     -0.433708    
  48.8721      -10.8812      -1.05574    
  49.1147      -9.82993      -1.16705    
  49.0402      -8.69816     -0.722320    
  49.0103      -7.71908     -0.587484    
  49.1559      -6.70706     -0.825919    
  49.6715      -5.67981     -0.784078    
  49.7604      -4.58250     -0.802463    
  49.3121      -3.66315      -1.17114    
  49.0432      -2.59564      -1.30010    
  48.9440      -1.52713     -0.950448    
