  49.0959      -1.11052     -0.175857    
  49.3786     -0.140224     -0.178029    
  50.0073      0.824702     -0.143386    
  49.7550       1.85062      0.185714E-01
  49.5761       2.74698      0.204769    
  49.0445       3.62125      0.433481    
  48.6101       4.40891      0.647165    
  48.2755       5.45174      0.387808    
  48.0189       6.41284     -0.118278E-01
  47.5739       7.39953      0.170267    
  47.3361       8.34257      0.142228    
  47.0532       9.51842     -0.199125E-01
  46.9511       10.6192     -0.221345    
  46.7535       11.7136      0.367527E-01
  46.1016       12.5095     -0.122503    
  45.7327       13.5349      0.158578    
  44.6628       14.0842     -0.320867    
  43.9979       15.0055     -0.602625    
  43.4759       15.8523     -0.979329    
  43.1423       16.7682      -1.29787    
  43.4643       17.9654     -0.981448    
  43.0974       18.7834     -0.602823    
  42.5728       19.6540     -0.967382    
  41.9625       20.5696      -1.11900    
  41.5227       21.4412      -1.45454    
  41.1547       22.5699      -1.50795    
  41.0532       23.8022      -1.61812    
  40.7751       24.8831      -1.56448    
  40.2843       25.6434      -1.56170    
  39.6008       26.4381      -1.97714    
  39.0231       27.0776      -2.10367    
  38.5584       27.7937      -1.68599    
  37.7433       28.3810      -1.58735    
  36.6556       28.6629      -1.71751    
  35.9331       29.3332      -2.22817    
  35.4004       30.3222      -2.35529    
  35.1539       31.4508      -2.42624    
  34.6180       32.1623      -1.95406    
  33.9787       32.8461      -1.65108    
  33.1145       33.4528      -1.88218    
  32.2664       33.9623      -1.80414    
  31.6052       34.7831      -1.68338    
  31.2927       35.8832      -1.66515    
  30.5280       36.3412      -1.28803    
  29.7571       36.4685     -0.497579    
  28.8876       36.9245     -0.699122    
  28.2002       37.6300     -0.512202    
  27.2526       38.4236     -0.755545    
  26.4343       38.9693     -0.940546    
  25.5699       39.4725      -1.61330    
  25.1935       40.4502      -1.64282    
  24.6275       41.3532      -1.59111    
  23.7774       41.9105      -1.09845    
  22.7984       42.0493     -0.590225    
  21.9935       42.5310     -0.877775    
  21.1707       43.3318     -0.652225    
  20.1707       43.5783     -0.225045E-01
  19.3218       43.7537      0.420138    
  18.5522       43.3012      0.172887    
  18.1717       43.3332     -0.808807    
  17.5940       43.8982      -1.25031    
  16.3066       44.3836      -1.34556    
  15.5690       44.7347     -0.956925    
  14.4605       44.9530     -0.731739    
  13.5275       45.3783     -0.825986    
  12.3592       45.3996      -1.18676    
  11.5975       45.6643      -1.36245    
  10.9243       46.3510      -1.31304    
  9.94898       46.9494      -1.46188    
  9.21928       47.3005      -1.08053    
  8.31758       47.5562     -0.475895    
  7.30994       47.6655     -0.419651    
  6.61424       48.2242     -0.630312    
  5.67602       48.7068     -0.691347    
  4.71184       49.2322     -0.835913    
  3.97546       49.8171     -0.268500    
  3.00052       49.8960      0.489467E-01
  1.88328       49.7718      0.874700E-01
 0.943185       49.8233     -0.959803E-01
 0.409186E-01   49.7565     -0.709778    
-0.640392       50.2717     -0.444798    
 -1.63374       49.8532     -0.566120    
 -2.59692       49.5675     -0.694505    
 -3.60982       49.5135     -0.785628    
 -4.68139       49.5932     -0.524296    
 -5.70940       49.2180     -0.355341    
 -6.69576       48.9711     -0.377906E-01
 -7.88411       49.0726      0.165778E-01
 -9.26066       48.9294     -0.315713    
 -10.1136       48.7840     -0.486700    
 -11.1989       48.6502     -0.643739    
 -12.1612       48.5493     -0.358753    
 -13.0767       47.8286     -0.509209    
 -14.0246       47.4232      -1.07980    
 -14.9939       47.1774      -1.44269    
 -15.8715       47.0217      -1.37437    
 -16.5207       46.2080      -1.05210    
 -17.5127       45.8182      -1.21531    
 -18.3166       45.2526      -1.47682    
 -19.1816       44.7415      -1.36983    
 -20.1803       44.3659      -1.46373    
 -21.1123       43.7110      -1.66186    
 -22.0814       43.2616      -1.46800    
 -22.8608       42.6343      -1.63635    
 -23.6623       41.8935      -1.47249    
 -24.5799       41.4987      -1.36596    
 -25.2891       40.8144      -1.50975    
 -26.4990       41.0249      -1.55395    
 -27.4489       41.2363     -0.968075    
 -28.0775       40.8038     -0.260582    
 -28.7470       40.1462     -0.694554    
 -29.5928       39.3791     -0.507460    
 -30.4490       38.9139     -0.361330    
 -31.4739       38.6094     -0.276309    
 -32.1420       37.8300     -0.174125    
 -32.7340       37.0489      0.286788    
 -33.4977       36.1051      0.733585    
 -34.1049       35.3016       1.14276    
 -34.9043       34.6687       1.05935    
 -35.2422       33.6735      0.660747    
 -35.9004       32.9819      0.529671    
 -36.8804       32.4020      0.533664    
 -37.6838       31.8994      0.513645    
 -38.3310       30.9754      0.326739    
 -39.1292       30.1499      0.596758    
 -39.3960       29.2572      0.753017    
 -40.1031       28.2489      0.687192    
 -40.7184       27.3912      0.501742    
 -41.2411       26.5192      0.334251    
 -41.6632       25.7382      0.241368E-01
 -42.3326       25.0184      0.417734E-01
 -42.7081       23.8770      0.149226    
 -42.9671       22.7606      0.856367E-01
 -43.2682       21.8501     -0.194765    
 -43.9407       21.0290     -0.578563    
 -44.3123       20.3288     -0.462475E-01
 -44.4678       19.2226     -0.578593E-01
 -45.2023       18.2896      0.146039    
 -45.3746       17.3556      0.254255    
 -45.8339       16.4571      0.140204    
 -46.2136       15.4271      0.317376    
 -46.5816       14.5706      0.168963    
 -46.9396       13.6624      0.272625    
 -47.3300       12.5120      0.276717    
 -47.8443       11.7335      0.533437E-01
 -47.8052       10.7335     -0.399331    
 -47.9908       9.76365     -0.799931    
 -48.2088       8.61053      -1.07738    
 -48.1964       7.52328     -0.977845    
 -48.6224       6.57542      -1.10594    
 -48.7924       5.51378      -1.03197    
 -49.3115       4.49391      -1.31608    
 -49.5863       3.38781      -1.49298    
 -49.7759       2.43215      -1.28145    
 -49.4161       1.36370      -1.44780    
 -49.4090      0.357172      -1.26815    
 -49.0919     -0.703790      -1.65602    
 -48.8397      -1.77765      -1.63660    
 -48.3730      -2.81993      -1.78324    
 -48.1106      -3.86616      -2.30700    
 -48.1162      -5.00455      -2.60945    
 -47.7434      -6.07364      -2.46510    
 -47.6551      -7.04640      -2.74646    
 -47.7337      -7.98621      -2.42249    
 -47.9665      -9.03958      -2.27120    
 -48.0673      -10.1769      -2.17826    
 -47.7100      -11.3520      -2.22092    
 -48.0730      -12.4074      -2.24095    
 -47.7578      -13.2884      -1.70727    
 -47.5821      -14.2733      -1.20510    
 -47.1357      -15.2051     -0.975815    
 -47.0090      -16.2136     -0.467264    
 -46.3753      -17.0081     -0.796982E-01
 -45.8417      -18.0053     -0.167565E-01
 -45.5636      -19.1352      0.287413    
 -44.9064      -19.9352      0.529749    
 -44.1132      -20.7468      0.667331    
 -43.1688      -21.6255      0.748024    
 -42.8226      -22.4988      0.807880    
 -42.4406      -23.6647      0.899767    
 -42.2045      -24.9119      0.903725    
 -41.8074      -25.7478       1.02363    
 -41.3072      -26.6334      0.958943    
 -40.8445      -27.6037      0.736915    
 -40.0611      -28.3708      0.345894    
 -39.6625      -29.3004      0.188345    
 -39.1655      -29.9605     -0.517474E-01
 -38.6183      -30.7505     -0.459229    
 -38.2241      -31.7924     -0.586451    
 -37.4597      -32.3465     -0.872785    
 -36.9735      -32.9174      -1.46670    
 -36.7315      -33.9661      -1.87817    
 -36.2018      -34.5953      -1.22618    
 -35.2854      -34.2023     -0.549574    
 -34.3858      -34.4057     -0.446243    
 -33.8226      -35.3066     -0.205055    
 -33.3541      -36.2046      0.245731    
 -32.7690      -36.7417      0.656928    
 -31.9037      -37.3240      0.988469    
 -31.0787      -37.6749       1.44931    
 -30.3454      -37.9609      0.910571    
 -29.4053      -38.3414      0.487324    
 -28.4678      -38.7667      0.812822E-01
 -27.9710      -39.5816     -0.219657    
 -27.2077      -40.0383      0.264487E-01
 -26.1302      -40.6674     -0.945404E-02
 -25.1241      -40.7766      0.548303    
 -24.1052      -41.2880      0.122572    
 -23.2416      -41.6906     -0.520390    
 -22.6686      -42.5024     -0.139386    
 -21.9545      -43.3662     -0.447263    
 -20.9208      -43.6049     -0.553353    
 -20.0590      -43.9724     -0.107878    
 -19.1332      -43.9982      0.229063    
 -18.3127      -44.1341     -0.292130    
 -17.6862      -44.8660     -0.576676    
 -17.0830      -45.6767     -0.473876    
 -16.2808      -46.4292     -0.279182    
 -15.0488      -46.6420     -0.125773    
 -13.9275      -46.6791     -0.652167E-01
 -13.0799      -46.8051     -0.551132    
 -12.1376      -46.9059     -0.960732    
 -11.3367      -47.3875     -0.849743    
 -10.3245      -47.4820     -0.974423    
 -9.19597      -47.7218     -0.942249    
 -8.14469      -47.9502      -1.29082    
 -7.06293      -48.2137      -1.27516    
 -5.93460      -47.8047      -1.51037    
 -5.04153      -48.1579      -1.31995    
 -3.81084      -48.0002      -1.07815    
 -2.63583      -47.8485      -1.30941    
 -1.63237      -48.0398      -1.22417    
-0.772688      -48.3309     -0.813220    
 0.423985      -48.3524     -0.378697    
  1.47803      -48.5096     -0.299537    
  2.62675      -48.2175     -0.459677    
  3.66902      -47.8992     -0.783839    
  4.82168      -47.8613      -1.14941    
  5.53109      -48.2907      -1.59274    
  6.07394      -48.9605      -1.49114    
  6.92388      -48.9834     -0.924281    
  7.95855      -48.8131     -0.823956    
  8.83751      -48.7604      -1.02331    
  10.0708      -48.7976     -0.739576    
  10.9783      -48.4841     -0.505187    
  11.7202      -47.7854     -0.136012    
  12.4774      -47.2129     -0.139930    
  13.3745      -46.7415     -0.709425    
  14.4635      -46.4311     -0.681927    
  15.5226      -46.1939     -0.374552    
  16.4126      -45.9793      0.210436E-01
  17.3615      -45.3827     -0.566960E-01
  18.2691      -44.9941      0.215659    
  19.3785      -44.7396      0.112046E-01
  20.1153      -44.5324     -0.289575    
  20.9583      -44.0175     -0.701648    
  21.9023      -43.8569     -0.470930    
  22.9402      -43.3270      0.107103    
  23.5724      -42.5668     -0.824049E-01
  24.3084      -41.7335      0.991869E-01
  25.2010      -41.1331     -0.299467E-01
  26.0050      -40.4718      0.151968    
  26.8568      -39.8151      0.502137    
  27.7232      -39.2440      0.759140    
  28.2668      -38.7652       1.13691    
  29.2250      -38.1314       1.25568    
  30.0700      -37.5128       1.07185    
  30.8896      -37.0236       1.06904    
  31.6844      -36.4036       1.28171    
  32.2281      -35.3324      0.931366    
  33.0835      -34.7855      0.967081    
  33.6360      -33.9651       1.25349    
  34.3861      -33.0986       1.07068    
  34.9967      -32.3462       1.15542    
  35.6003      -31.8034      0.514192    
  36.2952      -31.2393      0.523010    
  37.2822      -30.8932      0.263220    
  38.2683      -30.3694      0.620050E-01
  39.0625      -29.6001      0.225136    
  39.6565      -28.7717      0.304257    
  40.4117      -28.0384      0.949162E-01
  41.6073      -27.6578      0.268768    
  42.4348      -26.7945      0.443329    
  43.0733      -25.9698      0.800919    
  43.3509      -24.7944      0.665187    
  43.7836      -23.9178      0.576625    
  44.1811      -23.0968      0.279906    
  45.1461      -22.4720      0.222430    
  45.6708      -21.7337      0.538592    
  45.6206      -20.5853      0.650893    
  45.6021      -19.5687      0.990871    
  45.8496      -18.8558      0.228124    
  46.0352      -18.1271     -0.853804E-01
  46.4856      -17.2511      0.388372E-01
  46.9459      -16.0767      0.114883    
  46.8786      -15.1667     -0.436204E-01
  46.9700      -14.0645     -0.187439    
  46.7971      -13.2316     -0.554825    
  47.0104      -12.3953      -1.11382    
  47.7335      -11.4568     -0.920028    
  48.1818      -10.6200     -0.690430    
  48.1561      -9.62628     -0.504028    
  48.4396      -8.68254     -0.600775    
  48.6291      -7.76436     -0.122147    
  49.0109      -6.76011      0.109886    
  48.8633      -5.77226      0.389530    
  48.6241      -4.80795      0.368410    
  48.6411      -3.90205      0.446210    
  48.1550      -3.05157      0.418540    
  48.4159      -1.86495      0.366016E-01
