  48.9934      -1.36111      0.434242    
  48.5149     -0.434885      0.557579    
  48.3964      0.537730      0.555346    
  48.4757       1.59543      0.513763    
  48.1446       2.63610      0.641764    
  47.4594       3.64783      0.108568    
  47.3596       4.74726      0.194275    
  47.1438       5.63929      0.674266    
  46.5846       6.61112      0.585150    
  46.4067       7.52760      0.376158    
  46.0808       8.51199      0.645550E-01
  45.9714       9.64753      0.484448    
  45.8358       10.6781      0.452644    
  45.2180       11.5787      0.686250    
  44.7523       12.5573      0.552174    
  44.7384       13.6833      0.616754    
  44.3670       14.8388      0.556500    
  43.8874       15.8433      0.501936    
  43.7083       16.5426     -0.764403E-01
  43.2915       17.3809     -0.388700    
  42.9030       18.2450     -0.599821    
  42.4915       19.3277     -0.581234    
  41.8760       20.2720     -0.117387    
  41.1959       20.9536     -0.105412    
  40.4101       21.8929     -0.746247E-01
  39.8185       22.6915     -0.486143    
  39.7231       23.7027     -0.467969    
  39.0286       24.6104     -0.607219    
  38.0995       24.9455      -1.14397    
  37.5131       24.9246      -1.94581    
  37.3333       25.7864      -2.38583    
  36.8418       26.2295      -2.97164    
  36.6301       27.1475      -2.80290    
  36.1937       28.0184      -2.95685    
  35.6910       28.9758      -2.50001    
  35.0628       29.8264      -2.67236    
  34.7323       30.6888      -2.70535    
  33.9171       31.4998      -2.53975    
  33.0424       31.9565      -2.60383    
  31.9930       32.2649      -2.40018    
  31.2852       32.7830      -2.88310    
  31.3272       33.8533      -3.50025    
  30.7655       34.5808      -3.43810    
  30.1551       35.0108      -2.74788    
  29.3786       35.6480      -2.74700    
  28.9715       36.6415      -2.57317    
  28.2738       37.2807      -2.14974    
  27.2757       37.4664      -1.60677    
  26.2946       37.4906      -1.49469    
  25.3867       37.9721      -1.54323    
  24.6146       38.7050      -1.67358    
  24.3205       39.5887      -1.39761    
  23.5945       40.1676     -0.985632    
  22.7630       40.9834     -0.886602    
  21.7339       41.4486     -0.823437    
  21.0019       42.2107     -0.717862    
  20.1878       42.7086     -0.402167    
  19.1475       42.9145     -0.342187    
  18.2372       43.1996     -0.504524    
  17.2665       43.1497     -0.639385    
  16.4593       43.6478     -0.912881    
  15.4319       43.6712     -0.887289    
  14.5869       43.9723      -1.32182    
  13.7689       44.6061      -1.56281    
  13.2704       45.3362      -1.21976    
  12.6401       45.4222     -0.584057    
  11.7146       45.0315     -0.336943    
  10.8034       45.1783     -0.815666    
  9.98927       45.9718      -1.05845    
  9.07118       46.4616     -0.767557    
  8.05079       46.6597     -0.500211    
  7.13499       46.6174     -0.986589    
  6.69798       46.7462      -1.92042    
  5.70696       47.3432      -1.86682    
  4.48194       47.4724      -1.73303    
  3.56727       47.4159      -1.56659    
  2.59029       47.7813      -1.30847    
  1.59597       47.9598      -1.56265    
 0.673749       48.1976      -1.67196    
-0.374287       47.7930      -1.72827    
 -1.25734       47.3157      -1.87791    
 -2.38279       47.6004      -1.73780    
 -3.48070       47.7621      -1.66264    
 -4.54348       47.9236      -1.45897    
 -5.51676       47.7270     -0.839670    
 -6.46077       47.4276      -1.04562    
 -7.54829       47.6229     -0.908599    
 -8.57217       47.6279     -0.847094    
 -9.55513       47.9183     -0.739501    
 -10.5685       48.0768     -0.370403    
 -11.4304       47.3745     -0.361162    
 -12.4217       47.0244     -0.146840    
 -13.3966       46.5211     -0.399170E-02
 -14.3568       46.0688      0.353999E-01
 -14.9560       45.2851     -0.227142    
 -15.9791       45.3419     -0.417350    
 -16.9527       45.0997     -0.631003    
 -17.7927       44.6318     -0.962726    
 -18.9840       44.4010     -0.849547    
 -19.4643       43.6168      -1.38467    
 -19.8159       43.9611      -2.25804    
 -20.7031       43.9828      -2.48506    
 -21.9974       43.5252      -2.19199    
 -23.0356       43.4250      -1.75977    
 -23.6175       42.4976      -1.81980    
 -24.3898       41.9226      -2.34625    
 -25.0576       41.0754      -1.86876    
 -25.6094       40.2604      -1.78670    
 -26.0840       39.4259      -1.78408    
 -26.9660       38.9268      -1.74581    
 -27.8826       39.0400      -1.34484    
 -28.6817       38.5995     -0.833868    
 -29.4147       37.8236     -0.745073    
 -30.0593       36.8526      -1.22200    
 -30.8992       36.3566      -1.26557    
 -31.9038       35.9533      -1.18076    
 -32.7983       35.5532     -0.794376    
 -33.6232       34.7936     -0.716036    
 -34.0555       33.9487      -1.01241    
 -34.7763       33.3318     -0.730739    
 -35.5298       32.5195     -0.813902    
 -36.3870       31.6289     -0.984547    
 -37.5091       31.2490     -0.834533    
 -38.1963       30.7099     -0.781103E-01
 -39.0571       30.2230      0.574836    
 -39.5812       29.2824      0.908920    
 -40.3762       28.5310      0.843177    
 -41.0264       27.6575       1.12156    
 -41.4234       26.7884       1.54768    
 -41.9246       25.8343       1.58207    
 -42.5667       24.8604       1.47261    
 -42.9221       23.8169       1.45956    
 -43.5004       22.9307       1.24933    
 -43.7957       22.3742      0.273298    
 -44.6326       21.5294      0.367791    
 -45.0925       20.8478      0.608422    
 -45.3096       19.9066      0.905172    
 -45.2808       18.7775      0.915048    
 -44.9614       17.6372      0.590999    
 -45.2421       16.5156      0.350306    
 -45.6020       15.5454      0.920518E-01
 -45.9842       14.4022     -0.350917    
 -45.9334       13.5744     -0.657549    
 -45.8149       12.6566      -1.01115    
 -46.4126       11.7524      -1.03582    
 -46.7660       10.7994      -1.02437    
 -47.1735       9.71071      -1.08274    
 -47.2604       8.70258      -1.37628    
 -47.3826       7.54400      -1.54938    
 -47.7235       6.43994      -1.74381    
 -47.8430       5.40802      -2.18812    
 -47.7167       4.37223      -2.60143    
 -47.9476       3.34644      -3.07456    
 -47.8164       2.34920      -3.12003    
 -48.1571       1.19864      -3.09247    
 -48.2177      0.569757E-01  -2.93858    
 -48.6619     -0.951890      -3.05313    
 -48.6358      -1.91854      -3.04222    
 -48.7777      -2.86860      -2.92199    
 -48.8013      -4.02985      -2.77055    
 -48.3347      -4.97066      -2.53915    
 -48.0039      -6.04847      -2.52541    
 -47.5329      -7.00890      -2.38162    
 -47.4804      -8.15180      -2.79937    
 -47.5818      -9.21969      -2.69484    
 -47.7109      -10.2290      -2.62400    
 -47.4196      -11.3062      -2.21137    
 -47.0088      -12.1096      -1.78549    
 -46.3642      -13.1275      -1.87518    
 -45.8716      -14.2330      -1.63959    
 -45.8755      -15.2942      -1.12105    
 -45.6257      -16.3300      -1.16147    
 -45.7915      -17.2513      -1.17192    
 -45.6016      -18.3746      -1.38223    
 -45.0140      -19.2737     -0.963774    
 -44.9315      -20.1483     -0.955177    
 -44.8112      -21.3303     -0.552692    
 -44.3184      -22.0783      0.180925E-03
 -43.4350      -22.4955      0.336825    
 -42.6528      -23.5045      0.394638    
 -42.6118      -24.6360      0.390479    
 -42.0598      -25.6511      0.493953    
 -41.2067      -26.3004      0.665159    
 -40.3252      -27.0009      0.495068    
 -39.9526      -28.1620      0.321850    
 -39.2659      -28.8183      0.425110    
 -38.3167      -29.2458      0.793500    
 -37.8254      -30.0947      0.629387    
 -36.9308      -30.5128      0.736471E-01
 -36.3234      -31.2600     -0.448366    
 -36.0416      -32.2814     -0.486704    
 -36.0852      -33.1417     -0.125357    
 -35.4804      -33.6683      0.462649    
 -34.6820      -33.9682      0.462427    
 -33.8587      -34.3811     -0.473549E-01
 -33.1729      -35.1224     -0.375729    
 -32.1700      -35.6557     -0.652954    
 -31.3812      -36.4201     -0.554087    
 -30.6654      -36.9788     -0.312417    
 -29.8303      -37.5263      0.200125    
 -28.8693      -38.0233      0.691890    
 -28.1544      -38.7556      0.463927    
 -27.0546      -39.4811      0.435044    
 -26.3616      -40.2922      0.229105    
 -25.1868      -40.6736      0.546260    
 -24.4106      -41.4114      0.567700    
 -23.7995      -42.2547      0.771001    
 -23.0974      -42.9628      0.787817    
 -21.9704      -43.1013      0.557811    
 -20.8320      -43.1908      0.555937    
 -19.9102      -43.3783      0.777040E-01
 -19.0125      -43.3380     -0.322710E-01
 -18.1933      -43.2023      0.473095    
 -17.2070      -42.7584      0.316122    
 -16.3720      -42.8892     -0.395943    
 -15.3732      -42.9209     -0.694684    
 -14.7064      -43.6370     -0.898054    
 -13.8272      -44.1960     -0.823455    
 -12.9214      -44.6670     -0.820349    
 -12.0371      -44.9994      -1.26343    
 -11.6073      -45.6411      -2.08420    
 -11.2238      -46.5752      -2.08047    
 -10.4063      -46.7981      -1.32848    
 -9.36389      -46.8732     -0.747953    
 -8.48316      -46.6038     -0.607323    
 -7.55040      -46.1952     -0.754060    
 -6.58982      -45.7922     -0.960227    
 -5.51332      -45.5550      -1.33825    
 -4.68054      -46.0548      -1.62865    
 -3.75202      -46.4836      -1.68834    
 -3.22104      -47.1581      -1.16018    
 -2.39180      -47.7053     -0.975148    
 -1.39026      -47.7057     -0.943198    
-0.459070      -48.0204      -1.32200    
 0.555741      -48.3718      -1.35965    
  1.70079      -48.3075      -1.00670    
  2.53876      -47.8695      -1.14750    
  3.41708      -47.6386      -1.13445    
  4.22394      -47.5445      -1.25431    
  5.46403      -47.7241      -1.12882    
  6.51140      -48.0882      -1.05856    
  7.65572      -47.9174      -1.21412    
  8.72277      -47.7879      -1.36739    
  9.69736      -47.7899      -1.07955    
  10.5657      -47.1871     -0.510066    
  11.6437      -46.6532     -0.398179    
  12.6476      -46.4909     -0.940866    
  13.4257      -46.2851      -1.41495    
  14.4309      -46.2406      -1.49181    
  15.3063      -45.9945      -1.65515    
  16.4145      -46.1452      -1.34893    
  17.3758      -45.7424      -1.19119    
  18.0428      -45.0656     -0.822232    
  18.9589      -44.6233     -0.559299    
  19.8159      -44.3946     -0.160309    
  20.6669      -43.7244     -0.318086    
  21.5877      -43.3612     -0.847218    
  22.4352      -42.8658     -0.797665    
  23.5822      -42.6695     -0.871505    
  24.5501      -42.3405     -0.741643    
  25.4159      -41.9483     -0.820627    
  26.4212      -41.7243     -0.523724    
  27.0486      -40.9496     -0.367425    
  27.4941      -40.0673     -0.655567    
  28.3456      -39.2719     -0.532455    
  28.9222      -38.5058     -0.118230    
  29.4192      -37.7270      0.143491    
  30.0038      -36.8130     -0.152357E-01
  30.7156      -36.2459      0.764704E-01
  31.5526      -35.4145      0.222702    
  32.2857      -34.7160      0.372514    
  33.1924      -34.1343      0.794252    
  34.1100      -33.4962      0.908693    
  34.9298      -32.7894       1.06048    
  35.8440      -32.1559      0.864653    
  36.8868      -31.4525      0.337684    
  37.8202      -31.0056      0.351468E-01
  38.6548      -30.6865      0.261557    
  39.2026      -29.7811      0.563577    
  39.6542      -29.0492      0.227150    
  40.4396      -28.2778     -0.291261E-01
  41.4409      -27.4192      0.249012E-01
  42.1922      -26.5532      0.304744    
  42.9892      -26.0571     -0.478527E-01
  43.3541      -25.3358     -0.815602    
  44.0700      -24.3848     -0.997924    
  44.3260      -23.3349     -0.812205    
  45.0092      -22.7490     -0.469254    
  45.1136      -21.7730     -0.416601    
  45.5280      -20.6362     -0.395232    
  45.6719      -19.5691     -0.402307    
  46.2159      -18.6076     -0.517759    
  46.7180      -17.5651     -0.688249    
  46.9938      -16.6137     -0.620275    
  47.2719      -15.6065     -0.718924    
  47.9879      -14.9243      -1.20299    
  48.0730      -13.8635      -1.12936    
  48.0531      -12.7001     -0.697425    
  47.8651      -11.5792     -0.795372    
  48.2771      -10.7822      -1.15669    
  48.6600      -9.87559     -0.679395    
  48.6553      -8.93440      0.122115E-01
  48.2994      -8.12968      0.638125    
  47.9509      -7.19479      0.531583    
  47.3687      -6.40634      0.937071E-01
  47.1463      -5.70136     -0.353983    
  47.7682      -4.97192     -0.582659    
  48.4175      -4.04860     -0.483406    
  49.0643      -3.30016     -0.411180    
  49.2027      -2.30130     -0.150333E-01
