  49.6438     -0.523199       1.49375    
  49.1670      0.500031       1.66738    
  48.9613       1.57701       1.43855    
  48.7554       2.56924       1.61594    
  48.5053       3.62773       1.91885    
  47.6936       4.35605       1.62805    
  47.1156       5.10412       1.12138    
  46.6340       5.93115      0.995288    
  45.9913       6.76592      0.943412    
  45.8828       7.82246      0.752183    
  45.5137       8.93538      0.940495    
  45.1372       9.59670      0.266251    
  45.3191       10.2828     -0.330593    
  44.8397       11.2648     -0.281754E-01
  44.2517       12.1518     -0.450044E-01
  43.9726       13.1082     -0.551604    
  43.3512       13.8727     -0.673172    
  42.5210       14.7911     -0.453365    
  41.9830       15.6681     -0.887493    
  41.6508       16.6038      -1.25239    
  41.8326       17.6975      -1.47240    
  41.5896       18.5489      -1.16520    
  40.9837       19.3705     -0.904288    
  40.2470       20.1243     -0.608374    
  39.2839       20.6777     -0.771779    
  38.6277       21.0344      -1.17738    
  37.9329       21.7134      -1.80014    
  37.3726       22.5865      -2.10821    
  36.7387       23.4254      -2.59726    
  36.4417       24.5233      -3.11209    
  36.2111       25.5230      -3.16389    
  35.5936       26.2000      -3.46586    
  34.6091       26.2556      -3.25378    
  34.0645       27.1867      -3.18468    
  33.2015       27.7923      -2.98663    
  32.6002       28.8508      -3.35783    
  32.2030       29.6434      -3.79346    
  32.0716       30.7346      -3.87396    
  31.7575       31.7675      -3.42170    
  31.0295       32.3861      -2.92383    
  30.4136       33.0790      -2.27863    
  29.8477       33.7288      -2.28994    
  29.4166       34.7330      -2.06073    
  28.9446       35.7667      -1.97739    
  28.1540       36.3471      -1.51483    
  27.1859       36.3740      -1.12083    
  26.0371       36.4447      -1.19172    
  25.4149       36.5182      -2.04281    
  24.7493       37.2270      -2.39341    
  24.3230       38.2991      -2.48547    
  23.6902       39.1031      -2.89782    
  22.8932       39.6747      -3.24507    
  22.7510       40.5055      -2.50843    
  22.1735       40.9939      -1.82464    
  21.6110       41.7328      -1.12127    
  20.6505       41.9968     -0.800030    
  19.6538       42.3402     -0.722345    
  18.5502       42.4971     -0.460800    
  17.4221       42.6420     -0.483301    
  16.3677       42.7610     -0.563737    
  15.3227       42.9283     -0.460555    
  14.0666       43.1501     -0.636408    
  13.2252       42.6079     -0.298280    
  12.3186       42.6944     -0.823585    
  11.3391       43.1342     -0.841191    
  10.5951       43.3141      -1.47230    
  9.56098       43.8135     -0.971749    
  8.52064       43.7024     -0.940858    
  7.60987       43.4258      -1.50835    
  6.99419       44.0297      -2.13729    
  6.18657       44.7677      -2.67248    
  5.56208       45.5859      -2.99654    
  4.90452       46.3288      -2.83073    
  4.58400       47.2478      -2.94480    
  3.71041       47.6895      -2.31505    
  3.04786       47.4331      -1.52445    
  2.49966       46.9668      -1.47543    
  1.57491       46.5251      -2.00404    
 0.459972       46.9324      -2.26700    
-0.633767       47.3245      -2.29435    
 -1.62474       47.9936      -2.31468    
 -2.42263       48.2799      -2.08842    
 -3.44015       47.8861      -2.06692    
 -4.55313       47.9937      -1.67236    
 -5.64869       47.9272      -1.70282    
 -6.68221       47.7755      -1.55346    
 -7.62207       47.5938      -1.60017    
 -8.42745       47.2618      -1.33705    
 -9.46520       47.1064      -1.07414    
 -10.4333       46.8874     -0.844203    
 -10.9837       46.1919      -1.02425    
 -11.5583       45.7666      -1.20525    
 -12.5825       45.6946      -1.10795    
 -13.3942       45.4706     -0.706613    
 -14.5197       45.1991     -0.430366    
 -15.5047       45.0578     -0.412615    
 -16.4517       44.6230     -0.626032    
 -17.4179       44.3266     -0.985345    
 -18.2798       43.8092      -1.54053    
 -19.1993       43.2958      -1.83496    
 -19.9307       42.5722      -2.33510    
 -20.9638       42.2944      -2.59753    
 -22.1287       42.0293      -2.25750    
 -22.8469       41.4375      -1.97312    
 -23.6361       40.6283      -1.48698    
 -24.0634       39.8690     -0.962097    
 -24.7634       39.0586     -0.571898    
 -25.2464       38.2795     -0.745282    
 -25.7895       37.3996      -1.00031    
 -26.3737       37.3114      -1.85816    
 -27.3797       37.5403      -1.88559    
 -28.1343       37.1135      -1.38930    
 -28.7471       36.3438      -1.02010    
 -29.2352       35.5469     -0.994766    
 -29.9255       34.8251      -1.23144    
 -30.9171       34.5535     -0.891264    
 -31.5016       33.7502     -0.770983    
 -32.2679       33.1635     -0.681925    
 -33.2813       32.5608     -0.458080    
 -34.1598       31.8398     -0.398633    
 -34.7343       31.0261     -0.641362E-01
 -35.6361       30.7090     -0.118284    
 -36.6688       30.2801     -0.687383    
 -37.6481       29.6207     -0.600574    
 -38.6783       29.0624     -0.529028    
 -39.6272       28.8938     -0.201742    
 -40.4436       28.3003     -0.323274    
 -41.1196       27.4188      0.764647E-01
 -41.7196       26.5677     -0.587556E-01
 -42.4828       26.0865      0.802510E-01
 -42.9457       24.9384      0.201840    
 -43.2233       24.0125      0.432444    
 -43.6061       23.0434      0.371201    
 -44.1439       22.1052      0.584545    
 -44.4799       21.0923      0.315925    
 -45.3832       20.4839     -0.173387E-01
 -45.8474       19.9172      0.629098    
 -46.0518       18.7324      0.810960    
 -46.4143       17.6651      0.770763    
 -47.0036       16.7924      0.581460    
 -47.2784       15.8278      0.430608    
 -47.1256       14.8577      0.112442    
 -46.8753       14.0755     -0.380991    
 -46.7794       13.2157      -1.07932    
 -47.2020       12.1868      -1.17078    
 -47.3230       11.3085      -1.54560    
 -47.5092       10.3333      -1.87528    
 -47.6148       9.07876      -2.15627    
 -47.6864       8.02310      -2.14762    
 -47.8469       7.01959      -2.30153    
 -47.6854       6.18910      -2.47339    
 -47.5354       5.15273      -2.61563    
 -47.2825       4.04564      -2.72135    
 -47.0129       3.15713      -3.36236    
 -47.3047       2.33527      -3.53663    
 -47.4951       1.38475      -2.97827    
 -47.7048      0.222916      -2.96926    
 -47.5480     -0.924772      -2.74861    
 -47.2521      -1.92234      -2.54247    
 -47.1164      -2.83452      -2.13841    
 -47.1807      -3.95554      -1.97644    
 -47.0159      -4.85136      -1.51209    
 -47.0402      -5.77812      -1.19124    
 -46.9314      -6.84783      -1.22113    
 -46.6821      -7.90035      -1.34274    
 -46.6675      -8.89512      -1.50130    
 -46.6709      -9.98021      -1.62776    
 -46.5716      -11.1479      -1.35327    
 -46.4885      -12.2351      -1.27373    
 -46.5959      -13.1346      -1.29394    
 -46.5851      -14.3165      -1.27478    
 -46.6718      -15.2702      -1.36969    
 -46.3765      -16.2450     -0.616677    
 -45.8881      -17.2241      0.356442E-01
 -45.1629      -18.0177     -0.245048    
 -44.8076      -18.7258     -0.547006    
 -44.4610      -19.6502     -0.654057    
 -44.0400      -20.7272     -0.649017    
 -43.5412      -21.4336     -0.566445    
 -43.1234      -22.2915     -0.290276    
 -42.6580      -23.3292     -0.241883    
 -42.6133      -24.3017     -0.277228    
 -42.3571      -25.3171      0.120849    
 -41.5479      -25.8541      0.619256    
 -40.6573      -26.6981      0.357143    
 -39.7263      -27.3385      0.191501    
 -39.1878      -28.1705     -0.128434    
 -38.7798      -28.9577      0.160180    
 -37.9795      -29.8076      0.169046    
 -37.2377      -30.2404      0.441474    
 -36.6293      -31.1211      0.442133    
 -36.4432      -32.1212      0.601327    
 -36.1637      -33.1649      0.893825    
 -35.4316      -33.7802      0.643694    
 -34.6984      -34.4820      0.686148    
 -34.0258      -35.0951       1.09843    
 -33.0144      -35.2793       1.56355    
 -32.0076      -35.8918       1.14547    
 -31.1607      -36.3171       1.16424    
 -30.0933      -36.8266       1.17678    
 -29.1234      -37.4953      0.791734    
 -28.1421      -37.7200      0.899118    
 -27.3355      -38.4520      0.948404    
 -26.4889      -39.0996      0.964461    
 -25.6190      -39.7367       1.34962    
 -24.8304      -39.7953       1.83294    
 -23.8637      -39.8756       1.57350    
 -22.8919      -39.7908       1.10473    
 -22.6330      -39.9512      0.143814    
 -22.1295      -40.6053     -0.364361    
 -21.2513      -41.3892     -0.232152    
 -20.3456      -41.8308     -0.583751    
 -19.2911      -41.9596     -0.918575    
 -18.3298      -42.1281      -1.33237    
 -17.4214      -42.6179      -1.33099    
 -16.4127      -42.9485      -1.36992    
 -15.6255      -43.7994      -1.21455    
 -14.6336      -43.8020      -1.60750    
 -13.7583      -44.3966      -1.90985    
 -12.7611      -44.4320      -1.87745    
 -11.7651      -44.6548      -1.81154    
 -10.6095      -44.9765      -1.66748    
 -9.45573      -45.2995      -1.44406    
 -8.55322      -45.0777      -1.27898    
 -7.62739      -44.9082      -1.54228    
 -6.77675      -44.8558      -2.15836    
 -6.02927      -45.5081      -2.26134    
 -5.19304      -45.9341      -2.15268    
 -4.46807      -46.4874      -1.69372    
 -3.50511      -46.4452      -1.26521    
 -2.42299      -46.6631      -1.10132    
 -1.36624      -47.2397      -1.27887    
-0.695511      -48.0417      -1.03383    
 0.639071E-01  -48.0936     -0.506310    
 0.816091      -47.3778     -0.110467    
  1.62892      -47.4553     -0.240498    
  2.51363      -47.3674     -0.608523    
  3.27629      -47.6802     -0.917482    
  4.13137      -47.9471      -1.01530    
  5.21159      -47.7716      -1.25952    
  6.45057      -48.2162      -1.29397    
  7.39721      -48.5152      -1.69520    
  8.38123      -48.4119      -2.03330    
  9.36284      -47.9122      -1.94660    
  10.2603      -47.5559      -1.49289    
  11.2572      -47.4023      -1.15629    
  12.2964      -46.8929      -1.19533    
  12.9327      -46.1745      -1.10106    
  13.8563      -45.6107      -1.00783    
  14.9262      -45.8390     -0.884364    
  16.0732      -45.6917     -0.791187    
  17.0860      -45.0498     -0.860728    
  18.1849      -44.6928      -1.03983    
  19.2170      -44.5954      -1.22990    
  20.3393      -44.4165      -1.22667    
  21.3948      -44.1468     -0.944727    
  21.8960      -43.0572     -0.983837    
  22.7803      -42.8166      -1.55199    
  23.5169      -42.1992      -1.15511    
  24.5642      -41.7474      -1.46456    
  25.4771      -41.1053      -1.64193    
  26.5478      -41.0684      -1.49165    
  27.2082      -40.2899      -1.38631    
  28.1573      -39.5885     -0.960570    
  28.6860      -38.7816     -0.466434    
  29.6293      -38.0436     -0.601657E-01
  30.6415      -37.1096      0.266100    
  31.6596      -36.6012      0.153724    
  32.1685      -35.6995      0.496412    
  33.0976      -35.1646      0.231171E-01
  33.8595      -34.4998      0.983012E-01
  34.6657      -33.7554     -0.139954    
  35.7741      -33.4855     -0.915053E-01
  36.3322      -32.4335      0.427056    
  36.6441      -31.6407       1.10942    
  37.3337      -30.9281      0.886109    
  37.9770      -30.2287       1.12497    
  38.6898      -29.4484      0.961761    
  39.2954      -28.5740      0.878065    
  40.1333      -28.0081      0.903543    
  40.7929      -27.6834      0.897299    
  41.5056      -26.7839      0.885003    
  42.6021      -26.5031      0.994008    
  43.2821      -25.8960       1.05982    
  43.7741      -25.0235       1.14043    
  44.3236      -24.2162       1.57587    
  44.5281      -23.2359       1.49059    
  44.7636      -22.0978       1.17615    
  44.9968      -21.4018      0.617196    
  45.6685      -20.5495      0.763772    
  45.8165      -19.4269      0.827573    
  46.0527      -18.1832      0.537733    
  46.7494      -17.6352      0.761526    
  47.5588      -16.9503      0.657546    
  47.6802      -16.0068      0.866214    
  47.8211      -15.1918       1.38677    
  47.8867      -14.1075       1.37025    
  48.1127      -13.1163       1.23964    
  48.4251      -12.0515       1.49011    
  48.6833      -11.0247       1.38984    
  48.9308      -10.1207       1.12614    
  49.3576      -9.17214       1.54238    
  49.7675      -8.41407       2.15436    
  49.9028      -7.31560       1.95605    
  50.0048      -6.29142       1.84745    
  49.9946      -5.34045       1.32682    
  50.0878      -4.29459       1.22008    
  50.4959      -3.33843       1.10272    
  50.6129      -2.31848       1.26875    
  50.3493      -1.33905       1.37348    
