  48.3011      -1.13815       2.25998    
  48.5456     -0.319103       1.46821    
  48.7740      0.809273       1.33488    
  48.2806       1.71302       1.31936    
  48.1924       2.73611       1.08915    
  47.8474       3.77599      0.976332    
  47.3417       4.55891       1.37829    
  47.0590       5.69216       1.09714    
  46.4813       6.55315       1.02184    
  45.6386       7.45917       1.02079    
  44.8319       8.10456      0.697982    
  44.4405       8.88166      0.281668    
  44.1565       9.90320      0.145672E-01
  43.6379       10.7492     -0.469695    
  43.6242       12.0774     -0.837596    
  43.7667       13.0103      -1.20539    
  43.8443       14.1514      -1.25035    
  43.5932       15.2021     -0.881648    
  43.1879       16.1949     -0.737137    
  42.3100       16.9476     -0.805058    
  41.9892       17.9631     -0.772640    
  41.0660       18.2968     -0.506532    
  40.1086       18.8595     -0.926502    
  39.7109       19.6151      -1.45530    
  39.1603       20.6173      -1.51613    
  38.6812       21.5225      -1.40497    
  37.7557       21.9262      -1.64847    
  37.1983       22.9845      -1.33754    
  36.3411       23.5076      -1.40080    
  35.6571       24.2652      -1.88244    
  35.5733       25.1244      -2.08947    
  35.1371       25.9984      -2.37461    
  34.4120       26.7536      -2.89433    
  34.2755       27.3493      -3.69180    
  33.7597       28.4427      -3.75585    
  33.3743       29.5483      -3.70711    
  33.1629       30.4980      -3.32926    
  32.8036       31.4428      -2.92214    
  32.2641       32.2578      -2.37393    
  31.3907       32.4745      -1.89380    
  30.4576       33.0816      -1.94333    
  29.8653       34.0697      -2.04269    
  29.3040       34.7897      -2.18341    
  28.6079       35.4038      -2.20923    
  27.6529       35.2835      -1.79067    
  26.6936       35.3075      -1.85041    
  25.7813       35.6401      -2.16718    
  24.8064       36.2033      -2.53385    
  24.1398       36.9449      -2.67718    
  23.1149       37.2406      -2.56616    
  22.1824       37.9852      -2.72061    
  21.7861       38.8485      -3.19768    
  21.1707       39.6959      -3.13425    
  20.7609       40.6761      -2.90968    
  20.0296       41.2224      -2.91805    
  19.3584       41.9888      -2.56797    
  18.2938       42.1971      -2.06519    
  17.6587       42.1775      -1.48074    
  16.5386       42.3700      -1.62308    
  15.4991       42.4400      -1.42688    
  14.3183       42.5198      -1.36758    
  13.5543       41.8876      -1.69725    
  12.8564       42.1164      -2.19655    
  11.8220       42.0476      -2.50812    
  11.1844       42.6116      -2.96592    
  9.97322       42.7003      -2.83692    
  9.18391       42.9807      -2.97096    
  8.11737       43.4340      -2.88144    
  7.48728       44.0845      -3.40310    
  7.24093       45.1754      -3.67620    
  6.47585       45.8145      -3.32705    
  5.84238       46.5385      -2.88088    
  4.91635       46.5598      -2.45484    
  4.01688       45.9116      -2.50562    
  3.34154       45.1692      -3.14887    
  2.33629       45.4604      -3.45680    
  1.63333       46.0480      -4.22033    
 0.717188       46.5306      -4.19142    
 0.196244       47.4320      -4.34881    
-0.202950       48.4560      -3.83893    
 -1.05640       49.1159      -3.42805    
 -2.13530       48.9803      -3.06864    
 -2.99694       48.9314      -3.31959    
 -3.67429       48.4763      -3.86649    
 -4.68809       48.2652      -3.66109    
 -5.65845       48.1712      -3.81841    
 -6.53635       48.0650      -3.71917    
 -7.47433       48.0419      -3.35688    
 -8.45644       48.0177      -3.07689    
 -9.06766       47.3302      -2.71168    
 -9.95985       46.5507      -2.36229    
 -10.8735       46.2730      -2.14443    
 -11.8958       46.0348      -2.31285    
 -12.9688       45.8821      -2.22041    
 -14.0558       45.5406      -1.94010    
 -14.9572       45.0301      -1.83611    
 -15.4148       44.0526      -1.64074    
 -15.9381       43.1603      -1.81581    
 -16.7956       42.7560      -1.75100    
 -17.8816       42.3519      -1.56504    
 -18.9723       42.2520      -1.23029    
 -19.9195       42.3780     -0.778887    
 -20.9252       42.0351     -0.524242    
 -21.7027       41.1243     -0.497776    
 -22.3158       40.2912     -0.751713    
 -23.3499       39.9340      -1.04730    
 -24.3146       39.7685     -0.831035    
 -25.1218       39.2766     -0.129804    
 -26.1722       38.8389     -0.287164E-01
 -27.1820       38.4117      0.438421    
 -27.8343       37.6511      0.671436    
 -28.4469       36.9716       1.01251    
 -29.2252       36.3872       1.16562    
 -29.5881       35.5818      0.713286    
 -30.1277       34.7942      0.492435    
 -30.9614       34.3363      0.800115    
 -31.8327       33.7349      0.658253    
 -32.9075       33.2976      0.245857    
 -33.6754       32.8274      0.269906    
 -34.1370       31.8840      0.417972    
 -34.4392       30.8572      0.232564    
 -35.4129       30.3882     -0.107213    
 -36.1545       29.6871     -0.433041    
 -37.1178       29.0451     -0.125240    
 -38.0507       28.6261     -0.708676    
 -38.9022       27.9408     -0.345468    
 -39.2563       27.3039      0.251198    
 -39.4004       26.2076      0.564945    
 -39.7523       25.3004     -0.244731    
 -40.4631       24.5185     -0.396423    
 -41.4527       23.9037     -0.597908    
 -42.1853       23.0228     -0.596889    
 -42.7483       22.0973     -0.472251    
 -43.5378       21.2567     -0.633318    
 -44.2955       20.4312     -0.590109    
 -44.8523       19.7488     -0.726592    
 -45.2714       18.9886      -1.29781    
 -45.5475       18.0029      -1.49615    
 -46.1242       16.9893      -1.60734    
 -46.3669       16.2228      -1.42954    
 -46.2232       15.0400      -1.54043    
 -45.9368       14.0703      -1.57786    
 -45.9536       13.0281      -1.78151    
 -46.0539       12.0046      -1.94476    
 -46.2414       11.1323      -2.45735    
 -46.4819       10.1952      -2.56300    
 -46.6162       9.16042      -2.53985    
 -47.0924       8.26416      -2.30522    
 -47.0669       7.28791      -2.16626    
 -47.0495       6.23420      -2.02003    
 -46.5373       5.60846      -1.95518    
 -45.9787       4.78152      -1.96418    
 -45.6661       3.83057      -2.25011    
 -45.7603       2.72608      -2.47595    
 -46.3090       1.81390      -2.61466    
 -46.5265      0.850523      -2.55301    
 -46.7566     -0.192518      -2.20887    
 -46.6426      -1.24468      -2.26484    
 -46.8622      -2.11356      -1.83329    
 -46.7479      -3.29383      -1.94102    
 -47.0921      -4.34240      -2.55842    
 -47.4077      -5.13886      -2.53527    
 -47.3845      -6.16147      -2.55488    
 -47.4636      -7.25691      -2.48783    
 -47.2336      -8.32339      -2.50987    
 -47.3583      -9.28114      -2.72152    
 -47.2793      -10.3067      -2.27696    
 -46.6403      -11.2164      -2.27746    
 -46.4123      -12.3059      -2.13276    
 -46.3296      -13.5516      -2.21583    
 -45.9577      -14.5681      -1.96597    
 -46.0499      -15.4526      -1.58869    
 -45.9416      -16.1653     -0.970946    
 -45.2912      -17.1097     -0.802383    
 -44.3157      -17.6229     -0.524800    
 -43.9211      -18.5602     -0.957503    
 -43.8560      -19.3279     -0.819243    
 -43.8875      -20.4229     -0.544324    
 -43.3484      -21.1923     -0.109686    
 -42.5355      -21.9321      0.170957    
 -42.1263      -22.8976     -0.775716E-01
 -41.4292      -23.7496      0.487568E-01
 -40.9759      -24.6957      0.988707E-01
 -40.3364      -25.3519     -0.129278    
 -40.0850      -26.3856     -0.225361    
 -39.2548      -27.0552     -0.435640    
 -38.7192      -27.9658     -0.494616    
 -38.0094      -28.7911     -0.405430    
 -37.5371      -29.6314      0.460983E-01
 -36.8007      -30.4073      0.566396    
 -36.0400      -30.9833       1.06449    
 -35.1919      -31.6069       1.25694    
 -34.6139      -32.3582       1.75595    
 -33.8896      -33.2018       1.97340    
 -32.7647      -33.7323       1.98101    
 -31.7502      -34.2028       1.78494    
 -31.3237      -35.1228       1.28051    
 -30.6651      -35.8265       1.48817    
 -29.8983      -36.4838       1.43542    
 -29.2925      -37.0175      0.901976    
 -28.7570      -37.8385       1.39581    
 -27.8647      -38.5281       1.74598    
 -26.8613      -38.4975       2.09456    
 -25.8050      -38.6279       2.04406    
 -24.7624      -38.6793       1.78238    
 -23.7900      -38.9732       1.67044    
 -22.6690      -39.5855       1.21705    
 -22.1856      -39.8243      0.410341    
 -21.6896      -40.5804     -0.167205    
 -20.8762      -41.0416      0.257128E-01
 -19.7909      -41.4150     -0.151641    
 -18.9601      -41.6400     -0.565609    
 -18.6414      -42.5466     -0.310793    
 -18.8556      -42.6720      0.574091    
 -18.0186      -42.2001      0.503392    
 -16.9987      -41.9872      0.276042    
 -16.2498      -42.1651     -0.386149    
 -15.2133      -42.2826     -0.829890    
 -14.4915      -42.8687      -1.33090    
 -13.7026      -43.5006      -1.45695    
 -12.6745      -43.8828      -1.21699    
 -11.5614      -44.0796     -0.853887    
 -10.5743      -44.5347     -0.830795    
 -9.59428      -44.7539     -0.677155    
 -8.53041      -44.8133     -0.796905    
 -7.40652      -45.0492     -0.774500    
 -6.27097      -45.5535     -0.778027    
 -5.36955      -46.0457      -1.04829    
 -4.42769      -46.2889     -0.763167    
 -3.66469      -46.7089     -0.225273    
 -2.68170      -47.0706     -0.163156    
 -1.60382      -47.3527     -0.387892    
-0.546318      -47.8408     -0.209167    
 0.353175      -47.5761      0.290992    
  1.46654      -47.5795      0.131969    
  2.41581      -47.3097     -0.322657    
  3.26703      -47.2675     -0.782154    
  4.24790      -47.0989      -1.05932    
  5.27973      -47.2087      -1.23779    
  6.13816      -46.7992     -0.747488    
  6.96509      -46.2173     -0.574710    
  7.90027      -45.8695      -1.15224    
  9.12800      -46.3167      -1.50156    
  10.0092      -46.2904      -1.61841    
  10.9964      -46.2538      -1.65709    
  12.1318      -45.8764      -1.75643    
  13.1110      -46.1149      -1.71694    
  14.3361      -45.8446      -1.72091    
  15.4066      -45.6516      -1.55532    
  16.2978      -45.5159      -1.67287    
  17.1574      -45.4337      -2.10766    
  18.2208      -45.2014      -2.06765    
  19.0869      -44.9749      -2.10741    
  19.9024      -44.1330      -2.07059    
  20.8536      -43.5585      -2.20165    
  21.8336      -43.1519      -2.21519    
  22.5498      -42.4213      -1.74631    
  23.2712      -42.1060      -1.90252    
  24.2954      -42.3922      -1.79785    
  25.2063      -42.1738      -1.27596    
  25.4879      -41.2138     -0.728122    
  25.7545      -40.2346     -0.665838    
  26.5103      -39.3916     -0.783808    
  27.4792      -38.9042     -0.558561    
  28.4653      -38.2464     -0.698877    
  29.2124      -37.4845     -0.933589    
  30.1331      -37.2275     -0.860180    
  30.6962      -36.3276     -0.631598    
  31.6428      -35.8129     -0.376874    
  32.4816      -35.3764      0.256121    
  33.5950      -34.6158      0.345347    
  34.6427      -34.0533      0.530880    
  35.1420      -33.1894      0.773651    
  35.5887      -32.4613      0.551508    
  36.4385      -31.7186      0.282326    
  37.0481      -31.0644      0.382772    
  37.8349      -30.2248      0.406791    
  38.9282      -29.7545      0.101246    
  39.5878      -29.1143      0.194203    
  40.3057      -28.4554      0.188367    
  41.0147      -27.8617      0.626886    
  41.5573      -27.2335       1.06527    
  42.1060      -26.2636      0.935141    
  42.8971      -25.5659      0.418543    
  43.6371      -24.6350      0.344108    
  44.2716      -24.1635       1.14066    
  44.5428      -23.5127       1.92803    
  44.8215      -22.5096       2.26392    
  45.0236      -21.3888       2.57621    
  45.2382      -20.4309       2.27142    
  45.4339      -19.3463       2.19853    
  45.4407      -18.2552       1.73756    
  45.5462      -17.4600       1.02915    
  46.4448      -17.0220       1.00932    
  47.0278      -16.2612       1.45123    
  47.1678      -15.2674       1.49364    
  47.6930      -14.4618       1.37813    
  48.3615      -13.7374       1.01301    
  49.1773      -13.1256       1.11323    
  49.3536      -12.2451       1.52516    
  49.5621      -11.4227       2.27872    
  49.2784      -10.3715       2.51497    
  49.0478      -9.40856       2.44212    
  48.6605      -8.41400       2.27327    
  48.3615      -7.16122       2.10021    
  48.4192      -6.18708       2.18872    
  48.8355      -5.25639       2.23018    
  48.7829      -4.13344       2.27592    
  49.1062      -3.06841       2.61612    
  48.7668      -2.01033       2.46120    
