  47.7090      -1.78658      0.504827    
  47.2733     -0.836279      0.583305    
  47.0892      0.218401      0.374294    
  47.1862       1.32599      0.498713    
  47.6162       2.16843      0.181616    
  47.3473       3.02238      0.449542    
  46.9799       3.96850      0.255350    
  46.2835       4.69233      0.589381    
  45.8418       5.52665      0.945195    
  45.3369       6.38260       1.17386    
  44.7084       7.15979       1.18657    
  44.3794       7.91476      0.593611    
  44.2185       8.92246      0.337097    
  44.1811       9.80841     -0.107506    
  43.7986       10.6719     -0.167277    
  43.1729       11.4796      0.107597    
  42.7403       12.3685     -0.250373E-01
  42.0839       13.0903     -0.936804E-01
  41.8391       14.1147     -0.343047    
  41.6545       14.6642      -1.09194    
  41.5370       15.5873      -1.16267    
  40.8232       16.1894     -0.701538    
  39.9806       16.6678     -0.879664    
  39.7992       17.8857     -0.992729    
  39.1311       18.5450     -0.847115    
  38.2419       19.1018     -0.917022    
  37.3611       19.8841     -0.633228    
  36.7543       20.7063     -0.633809    
  36.1855       21.4646     -0.756269    
  35.5793       22.3956     -0.742479    
  34.9495       23.3434     -0.886586    
  34.5702       24.4366     -0.838769    
  33.7477       24.9593      -1.38348    
  33.2653       25.8238      -1.79126    
  32.7243       26.7614      -1.73174    
  32.0621       27.2429      -1.51087    
  31.3109       27.7600      -1.93907    
  30.5399       28.2013      -2.47226    
  30.7152       28.9125      -2.84645    
  30.1227       29.7299      -2.55685    
  29.3796       30.4697      -2.13479    
  28.5351       30.7716      -1.87546    
  27.3969       31.0649      -2.03173    
  26.7962       31.8759      -2.07599    
  26.2485       32.7174      -2.15184    
  25.9999       33.7062      -2.56908    
  25.6235       34.6780      -2.56173    
  25.0355       35.4786      -2.67003    
  24.2108       35.9641      -2.30416    
  23.3526       35.9517      -2.22802    
  22.5354       36.7039      -2.62953    
  21.8046       37.3495      -2.69034    
  21.2311       38.2832      -2.55368    
  20.1243       38.8292      -2.58468    
  18.9634       38.9341      -2.65892    
  17.9721       38.9770      -2.72890    
  17.1300       39.2270      -2.96377    
  15.9255       39.6008      -3.09565    
  15.2225       40.3571      -3.12437    
  14.5229       40.9116      -2.70975    
  13.3593       41.1779      -2.43526    
  12.3439       40.8580      -2.65129    
  11.3132       40.5304      -2.57989    
  10.3760       40.5578      -2.91214    
  9.81267       40.8714      -3.69855    
  9.43533       41.4710      -4.62938    
  8.72433       42.2333      -4.41629    
  8.06226       42.1302      -3.71623    
  7.01771       42.0466      -3.31132    
  6.11875       42.7091      -3.42545    
  5.09480       42.9811      -3.15104    
  4.20168       43.0430      -2.43641    
  3.23730       42.8384      -2.02245    
  2.51619       42.8872      -1.43952    
  1.79972       42.3464      -1.17649    
  1.17378       41.9726      -1.74528    
 0.253428       42.5529      -2.07581    
-0.846801       42.7783      -2.34863    
 -1.68437       42.6992      -2.93217    
 -2.17860       43.5026      -3.43310    
 -2.61207       44.3536      -3.81500    
 -3.14341       44.9145      -3.12784    
 -4.16932       44.6713      -2.93107    
 -5.15683       44.4035      -2.80181    
 -6.08222       44.2869      -2.91604    
 -7.13399       44.8683      -3.06571    
 -7.98099       45.0475      -2.77704    
 -8.98601       45.0693      -2.76739    
 -9.99247       44.7644      -2.75313    
 -10.9155       45.2827      -2.70994    
 -11.6667       45.4435      -1.69217    
 -11.8386       44.9226     -0.886975    
 -12.0230       43.8988     -0.833369    
 -12.5582       43.1690      -1.33876    
 -13.2719       42.9246      -2.07402    
 -14.3527       43.0468      -2.08118    
 -15.4592       42.9403      -2.02571    
 -16.4589       42.5184      -2.20309    
 -17.4870       42.2685      -2.39710    
 -18.4932       42.2416      -2.70858    
 -19.4263       42.1855      -2.96391    
 -20.4901       42.2428      -2.68277    
 -21.4099       41.6666      -2.40223    
 -22.2595       41.2662      -2.27472    
 -22.7725       40.2662      -2.30865    
 -23.5411       39.5391      -2.56637    
 -24.3979       38.9133      -2.27233    
 -25.1047       38.0348      -2.10585    
 -25.9731       37.6114      -2.05186    
 -26.6110       36.7385      -1.85732    
 -27.3060       35.9853      -2.02678    
 -27.8796       35.5105      -2.65402    
 -28.8710       35.0406      -2.27887    
 -29.4303       34.5324      -1.91185    
 -30.2748       33.6666      -2.16801    
 -30.8670       32.7040      -2.29414    
 -31.8026       32.3695      -2.78262    
 -32.5765       32.0243      -3.33566    
 -33.2692       31.3967      -2.84311    
 -33.8917       30.6821      -2.38927    
 -34.4186       29.7740      -2.03999    
 -34.7692       28.7923      -1.63836    
 -35.7416       28.3750      -2.00014    
 -36.8806       28.1475      -1.85445    
 -36.9121       27.8787     -0.974195    
 -36.1084       27.0886     -0.727178    
 -36.1541       26.0414      -1.12840    
 -36.2938       25.1479      -1.50375    
 -36.5943       24.2770      -1.94402    
 -37.2166       23.4159      -2.50298    
 -37.6258       22.8615      -3.41209    
 -38.5755       22.4758      -3.46603    
 -39.3872       21.9234      -2.94475    
 -40.0315       21.0700      -2.93111    
 -40.2893       20.0771      -2.87327    
 -40.6851       19.0478      -2.32128    
 -41.2328       17.9542      -2.34055    
 -41.8671       17.2041      -2.31176    
 -42.3468       16.2162      -2.25767    
 -42.7843       15.3515      -1.84783    
 -42.4697       14.2892      -1.81196    
 -42.0642       13.2988      -2.06247    
 -42.2082       12.4572      -2.78308    
 -42.2619       11.4951      -3.21018    
 -42.2168       10.7091      -3.74538    
 -42.2130       10.2782      -4.58777    
 -43.2049       9.95907      -4.55901    
 -44.1218       9.53560      -4.10752    
 -44.4318       8.89650      -3.32849    
 -44.6543       7.86908      -3.40848    
 -45.0629       7.05247      -3.91800    
 -45.4841       6.16594      -4.29845    
 -45.3290       5.16557      -3.92827    
 -45.1883       4.03466      -3.73249    
 -45.2944       2.90485      -3.54481    
 -45.4988       1.90401      -3.41085    
 -45.3852       1.01718      -3.72576    
 -45.5664     -0.128605      -3.96080    
 -46.2851     -0.924435      -4.23050    
 -46.0737      -1.95987      -3.92525    
 -45.7582      -2.82619      -3.87853    
 -45.7123      -3.62685      -4.69140    
 -45.5775      -4.30280      -5.27708    
 -45.6271      -5.52317      -5.40794    
 -45.4370      -6.43565      -5.04688    
 -45.2675      -7.61223      -4.69369    
 -45.2882      -8.60540      -4.57361    
 -44.9537      -9.52081      -4.06315    
 -44.9592      -10.5471      -3.85896    
 -44.6845      -11.7117      -3.60476    
 -44.5201      -12.5882      -3.01434    
 -44.4029      -13.4604      -2.49422    
 -43.8854      -14.0310      -1.94814    
 -43.6188      -14.9655      -2.18711    
 -43.1687      -15.7925      -2.30442    
 -42.7364      -16.6859      -2.29593    
 -42.7591      -17.8040      -2.04399    
 -42.4835      -18.6957      -1.57980    
 -41.8680      -19.3865      -1.01780    
 -41.0473      -20.1173     -0.959691    
 -40.8867      -21.1010     -0.748365    
 -40.3004      -21.7037     -0.398029    
 -39.8082      -22.3662     -0.398809    
 -39.0022      -22.8552     -0.292446    
 -38.4891      -23.8002     -0.294184    
 -38.3889      -24.8285      0.193319    
 -37.8730      -25.1644      0.778964    
 -37.2088      -26.0389      0.820264    
 -36.1184      -26.2919      0.499594    
 -35.4993      -27.1329      0.715807    
 -35.0903      -28.0656      0.976377    
 -34.2866      -28.8641      0.901533    
 -33.7655      -29.5475      0.417257    
 -32.8939      -30.2994      0.218418    
 -32.2176      -30.9297      0.331176    
 -31.5350      -31.8698      0.513616    
 -31.0861      -32.7446      0.912304    
 -29.9328      -33.1119       1.00606    
 -29.3427      -33.6296      0.124743    
 -28.5225      -34.4895     -0.139759    
 -28.2624      -35.4154     -0.357607    
 -27.4692      -36.0810     -0.217228    
 -26.5537      -36.6072     -0.246121    
 -25.5509      -37.0673     -0.903485E-01
 -24.4181      -37.3786      0.118050    
 -23.6373      -37.9764     -0.139937    
 -22.6438      -38.5888     -0.248462    
 -21.6636      -39.0448     -0.380655    
 -20.7003      -38.7000     -0.251998    
 -20.1517      -38.7970      -1.16039    
 -19.6471      -39.5992      -1.64179    
 -18.7387      -40.2849      -1.93152    
 -17.9009      -41.0284      -1.95053    
 -17.3309      -41.9295      -2.21235    
 -17.1485      -42.8076      -1.62524    
 -17.8257      -43.1486     -0.737009    
 -18.2838      -43.2304      -1.24424    
 -17.6699      -42.5773      -1.58643    
 -16.7103      -42.0457      -1.40342    
 -15.6316      -42.0102      -1.82713    
 -14.6021      -42.1020      -1.89533    
 -13.2968      -41.9420      -1.79449    
 -12.2303      -42.2554      -1.84868    
 -11.3709      -42.9306      -1.49673    
 -10.2879      -43.0438      -1.19737    
 -9.23793      -42.9899     -0.961724    
 -8.29373      -42.6172     -0.896560    
 -7.35905      -42.5185      -1.03131    
 -6.31026      -42.7430      -1.21244    
 -5.08912      -42.5879      -1.03690    
 -4.04785      -43.0939      -1.04073    
 -2.97882      -43.2847      -1.10108    
 -2.13144      -43.7892      -1.21386    
 -1.15384      -43.9161      -1.15651    
-0.328621      -43.1885      -1.33095    
 0.737640      -42.7329      -1.34611    
  1.91498      -43.2110      -1.35342    
  2.87877      -42.7896      -1.85246    
  3.81232      -43.3297      -1.76709    
  4.70441      -43.9206      -1.51186    
  5.90486      -44.0328      -1.41165    
  6.86454      -43.8768      -1.59543    
  7.99127      -44.0119      -1.57257    
  8.94800      -43.7355      -1.49717    
  9.91137      -43.7485      -1.36217    
  11.0419      -43.9649      -1.36559    
  12.0597      -43.6875     -0.919142    
  13.2622      -43.5320      -1.06228    
  14.2666      -43.6617      -1.15613    
  15.2376      -43.4964      -1.32481    
  15.9623      -42.8362      -1.27621    
  16.9784      -42.5771      -1.08387    
  17.8244      -41.8012     -0.947668    
  18.7393      -41.0934     -0.919971    
  19.5165      -41.2054      -1.52714    
  20.3525      -41.4388      -1.93154    
  21.3859      -41.6110      -1.63144    
  22.4936      -41.4049      -1.56355    
  23.2716      -40.9899      -1.50298    
  24.0444      -40.2502      -1.69676    
  24.9594      -39.8997      -1.54094    
  26.1705      -39.3682      -1.66336    
  26.8167      -38.6995      -1.73803    
  27.7156      -38.0205      -1.60267    
  28.5045      -37.1956      -1.91911    
  29.2322      -36.5012      -2.30365    
  30.2927      -36.3619      -2.32005    
  31.3389      -35.7216      -2.15347    
  31.6864      -35.2528      -1.44206    
  31.9393      -34.2296      -1.17269    
  32.4713      -33.4623      -1.62323    
  33.2484      -33.3639      -2.19216    
  34.4097      -33.2434      -2.16539    
  35.2153      -33.3865      -1.35229    
  35.1746      -32.5229     -0.774823    
  35.7815      -31.6594     -0.235750    
  36.3143      -30.7936      0.320869    
  36.7660      -30.0563     -0.131458    
  37.5996      -29.3992     -0.993320E-01
  38.3579      -28.5803      0.162072    
  38.6358      -27.7281      0.288266    
  39.1802      -26.8283      0.242092E-01
  39.8154      -26.0661      0.866082E-02
  40.4823      -25.2525     -0.665159E-01
  41.0321      -24.5036     -0.506801    
  42.0577      -24.4644     -0.719552    
  42.8122      -23.7838     -0.303065    
  43.2834      -22.9121     -0.190959    
  43.6624      -22.2166      0.394619    
  43.7312      -21.4562      0.738556    
  43.9629      -20.2808      0.591158    
  44.3714      -19.3677      0.387438    
  44.5869      -18.3938      0.654132    
  44.7791      -17.6500      0.355427    
  45.2867      -16.6369      0.372794    
  45.9909      -15.6853      0.342617    
  46.6857      -15.0005      0.234571E-01
  46.9873      -13.9388      0.666068E-01
  47.1914      -12.7707      0.390147    
  47.1910      -11.6939      0.301348E-01
  47.0116      -10.7482     -0.232240    
  47.7608      -10.2608     -0.779319    
  48.5114      -9.50256     -0.506119    
  48.3929      -8.50195     -0.773483    
  48.3961      -7.45147      -1.30669    
  48.1434      -6.37322      -1.31958    
  48.4781      -5.46602      -1.03765    
  48.3201      -4.55440     -0.813544    
  48.2022      -3.49664     -0.505295    
  47.8651      -2.66858      0.175139    
