  47.3101      -1.76392       1.47433    
  47.0396     -0.862373       2.11538    
  46.9177      0.281039       2.07893    
  46.4542       1.19288       1.56752    
  46.4957       2.32554       1.53751    
  46.2300       3.44230       1.40251    
  45.9338       4.45134       1.47297    
  45.6661       5.35034       1.96111    
  45.1452       6.17742       2.00818    
  44.9284       7.34345       1.95522    
  44.3243       8.11995       1.61179    
  43.5898       8.90830       1.39646    
  43.8287       9.96313      0.991723    
  44.3500       10.9774       1.17473    
  43.8183       11.7117       1.02337    
  43.3100       12.1325      0.303958    
  42.7092       12.9063     -0.577051E-01
  42.0331       13.5244     -0.307042    
  42.2279       14.3992     -0.583229    
  42.0283       15.3409     -0.695214E-01
  41.6557       16.2258      0.194045    
  40.7041       16.5868      0.341590    
  39.6144       16.9507     -0.145346    
  38.4951       17.0271     -0.499088    
  37.7797       17.6511      -1.00193    
  37.1521       18.6588      -1.13982    
  36.5781       19.4720     -0.957296    
  36.1550       20.4747      -1.09933    
  36.1816       21.6752      -1.28441    
  35.1696       22.1100      -1.04069    
  34.5127       22.8841      -1.46335    
  34.1761       23.9205      -1.70912    
  33.5283       24.5416      -2.13646    
  33.0016       25.2847      -2.76923    
  32.3585       26.1499      -2.95381    
  31.6377       26.8088      -2.51435    
  30.8410       27.4033      -2.44408    
  29.9761       27.7913      -1.97202    
  28.9955       28.3656      -2.00663    
  28.3938       29.2461      -2.36232    
  27.7708       30.0400      -2.33379    
  27.1307       30.9416      -2.51948    
  26.4023       31.7158      -2.72816    
  25.7016       32.5076      -2.37303    
  24.8200       32.7819      -2.46765    
  24.1228       33.5228      -2.53843    
  23.3698       34.4900      -2.55506    
  23.0714       35.3276      -1.99887    
  22.9799       35.9772      -1.28005    
  22.5212       36.3012     -0.518896    
  21.6054       36.0504     -0.331645    
  20.5045       36.1380     -0.916274    
  19.7167       36.2523      -1.48735    
  19.4822       37.2911      -1.69385    
  18.4816       37.6018      -1.95988    
  17.3801       37.7869      -2.30326    
  16.3413       37.9451      -2.44941    
  15.5256       37.9272      -3.30137    
  15.1314       38.2495      -3.97191    
  14.5181       38.8783      -4.27493    
  13.7501       39.6401      -3.92687    
  12.8258       39.6779      -3.38425    
  11.8920       40.3914      -3.44266    
  10.9845       40.4924      -3.19233    
  10.1640       40.6880      -2.69390    
  9.01458       40.5958      -2.55641    
  7.82356       40.5514      -2.70000    
  6.91192       40.5856      -2.76050    
  6.27521       41.2026      -3.49558    
  6.10979       41.9401      -3.77258    
  6.29333       42.9407      -3.48553    
  7.24062       43.1808      -3.41800    
  7.26379       42.1912      -3.70233    
  6.12320       42.0841      -3.26898    
  5.15628       42.1408      -3.39256    
  4.29418       42.5664      -3.76939    
  3.36496       42.5724      -3.92438    
  2.28164       42.6645      -4.41422    
  1.24042       43.1205      -4.73431    
 0.318299       43.6862      -4.90813    
-0.612432       44.2323      -4.87803    
 -1.54188       44.2751      -4.46129    
 -2.11588       44.4364      -3.42633    
 -3.17913       43.9516      -3.14264    
 -3.99596       43.1169      -3.58489    
 -4.69360       42.8670      -4.31538    
 -5.57025       43.1221      -4.91788    
 -6.40954       43.3492      -4.68385    
 -7.30277       43.3030      -4.39878    
 -8.02301       42.9378      -3.81272    
 -8.99161       42.7122      -3.82732    
 -9.94565       42.6531      -3.92057    
 -11.0436       42.6743      -4.01937    
 -11.8283       41.9837      -3.58928    
 -12.5073       41.3106      -3.31198    
 -13.5110       40.6543      -3.09695    
 -14.5435       40.4027      -3.59777    
 -15.3281       40.2721      -3.65268    
 -16.3096       40.4427      -3.36815    
 -17.2572       39.7785      -3.16237    
 -18.2418       39.4560      -2.83436    
 -19.4861       39.1130      -2.89735    
 -20.2388       39.5988      -2.62398    
 -21.1906       39.5689      -1.96999    
 -22.0812       38.9039      -1.72795    
 -23.0608       38.6424      -1.98707    
 -24.1340       38.2788      -1.55640    
 -24.9824       37.7055      -1.51535    
 -25.8418       37.0912      -2.10929    
 -26.6382       36.5735      -1.79474    
 -27.5193       36.0514      -1.92200    
 -27.6482       35.2238      -1.56209    
 -28.2153       34.2555      -1.37316    
 -28.9348       33.3372      -1.85254    
 -29.8218       32.9159      -2.03825    
 -30.5814       33.1092      -1.38651    
 -31.5151       32.6040     -0.898881    
 -32.2122       31.8237     -0.861323    
 -32.8915       31.3182     -0.479719    
 -33.6213       30.9707      0.589953E-01
 -34.1355       30.1628      0.350994    
 -34.3259       29.0583     -0.201722    
 -34.4798       28.0803     -0.480485    
 -34.9292       27.3622      -1.07586    
 -35.1803       26.6938      -1.71357    
 -35.5565       25.8254      -2.00652    
 -36.1769       25.2209      -2.18310    
 -36.6073       24.4324      -1.95077    
 -37.2581       23.6213      -1.44775    
 -37.3541       22.5651      -1.14067    
 -37.0747       21.8930      -1.78335    
 -37.0682       21.0931      -2.46305    
 -37.5449       20.4550      -3.06741    
 -37.9938       19.7410      -3.41576    
 -38.8332       19.4124      -3.48925    
 -39.8934       19.0721      -3.25816    
 -40.6412       18.4030      -2.72774    
 -41.0919       18.0424      -2.37131    
 -41.1005       17.2559      -1.61897    
 -41.0296       16.2575      -1.52411    
 -40.5160       15.3989      -1.30458    
 -40.3830       14.3423      -1.12366    
 -40.0739       13.4326      -1.57722    
 -40.6253       12.9149      -2.21308    
 -41.5752       12.3331      -2.17207    
 -41.9724       11.4007      -2.03290    
 -42.0303       10.3197      -2.15606    
 -42.3205       9.21729      -2.22295    
 -42.7710       8.31335      -2.07182    
 -42.8548       7.24669      -1.75479    
 -43.0653       6.34987      -1.72720    
 -43.0822       5.49149      -2.10543    
 -43.7847       4.72004      -2.13280    
 -44.4710       3.93679      -1.78295    
 -44.0725       3.43741     -0.982578    
 -43.2003       2.77459      -1.07445    
 -42.6658       2.44086      -2.06096    
 -43.1663       2.03076      -2.88626    
 -43.7827       1.16006      -3.03345    
 -43.8181      0.805686E-01  -2.83481    
 -43.6384     -0.984481      -2.49960    
 -43.1790      -1.99512      -2.27699    
 -42.7094      -2.94978      -2.28994    
 -42.4979      -3.93373      -2.99459    
 -42.6835      -4.85581      -3.33615    
 -42.8272      -5.81824      -3.18703    
 -42.8241      -6.64912      -2.66147    
 -42.2935      -7.55766      -2.69607    
 -42.2069      -8.35283      -3.46845    
 -41.9539      -9.26174      -3.64258    
 -41.9129      -10.1958      -4.02091    
 -42.0211      -11.1726      -3.69126    
 -41.6069      -12.1576      -3.59800    
 -40.7034      -12.9577      -3.56673    
 -39.8014      -13.8211      -3.64864    
 -39.5443      -14.7411      -3.60981    
 -39.4293      -15.5827      -3.14335    
 -39.4704      -16.5373      -2.56912    
 -39.3401      -17.3720      -2.11405    
 -38.6759      -18.0934      -1.56473    
 -38.5692      -19.0820      -1.09609    
 -38.1114      -19.5218     -0.192782    
 -37.4819      -20.3204     -0.253326    
 -36.6480      -20.9233     -0.333148    
 -35.8256      -21.7296     -0.666440    
 -35.2862      -22.8034     -0.878783    
 -34.7184      -23.3935     -0.525689    
 -33.8234      -24.0388     -0.493167    
 -33.2325      -24.8421     -0.589123    
 -32.6514      -25.5790      -1.09874    
 -32.2216      -26.5515      -1.36955    
 -31.4281      -27.3363      -1.49362    
 -30.9675      -28.1167      -2.01553    
 -30.2415      -28.6536      -1.74631    
 -29.5512      -29.4390      -1.50458    
 -28.7505      -30.2374      -1.39704    
 -28.1806      -30.9999      -1.24572    
 -27.9772      -31.9230     -0.881229    
 -27.6397      -32.6518     -0.573141    
 -26.9787      -32.9495      0.114239E-01
 -26.1015      -33.7356     -0.309592    
 -25.0964      -34.3349     -0.289785    
 -24.3674      -35.2153     -0.523545    
 -23.6804      -36.0424     -0.633237    
 -23.0618      -36.8434     -0.559097    
 -22.2487      -37.5301     -0.440738    
 -21.2052      -38.2392     -0.305793    
 -20.4717      -38.6795      0.239422    
 -19.3549      -38.4739      0.382248E-01
 -18.4552      -38.7499     -0.589478    
 -17.5656      -39.1629     -0.534681    
 -16.7540      -39.8605     -0.332778    
 -15.7765      -40.1188     -0.485732    
 -15.6625      -41.1000     -0.921180    
 -15.6841      -41.9577     -0.297487    
 -16.2340      -41.6970      0.635865    
 -17.2572      -41.3218      0.530831    
 -16.4286      -41.2341     -0.167223E-01
 -15.4806      -41.5472     -0.138501    
 -14.3544      -41.2867      0.142537    
 -13.3116      -41.6424     -0.214023    
 -12.2846      -41.5055     -0.732596    
 -11.3732      -41.5760      -1.28295    
 -10.2783      -41.8839      -1.18493    
 -9.72161      -42.5053      -1.00033    
 -8.72966      -42.8560     -0.964587    
 -7.80228      -43.0208     -0.851062    
 -6.76468      -43.6023     -0.921584    
 -5.64083      -43.8116     -0.761041    
 -4.56742      -43.5548      -1.20617    
 -3.62725      -43.6062      -1.62113    
 -2.60891      -43.6356      -2.16890    
 -1.64633      -43.4960      -1.92716    
-0.653767      -43.4562      -1.97669    
 0.266489      -43.1906      -2.12796    
  1.19709      -43.6341      -2.91078    
  2.18995      -43.9916      -2.91029    
  3.24702      -44.0481      -2.67847    
  4.21725      -43.8617      -2.96865    
  5.18546      -43.6329      -2.82991    
  6.20639      -43.4895      -2.73399    
  7.38771      -43.5432      -3.05134    
  8.34089      -43.5571      -3.09481    
  9.18955      -43.5529      -2.86027    
  10.0717      -43.3942      -2.17218    
  10.9208      -43.5559      -2.19443    
  11.9013      -43.5413      -1.88734    
  12.9572      -43.0819      -1.94083    
  14.1049      -43.1147      -2.05030    
  14.9977      -43.1448      -1.64922    
  15.9949      -43.0890      -1.35303    
  16.5815      -42.1987      -1.16892    
  17.4291      -41.9461      -1.60058    
  18.3368      -42.0539      -1.75835    
  19.3990      -42.4156      -2.06760    
  20.2160      -42.0862      -1.57262    
  21.0164      -41.5334      -1.22321    
  21.5891      -40.8413     -0.723333    
  21.9902      -39.9492     -0.503545    
  22.7131      -39.5041     -0.394503    
  23.4772      -38.8827     -0.736108    
  24.0901      -38.0106      -1.29536    
  25.0055      -37.4460      -1.70459    
  26.0294      -37.2315      -1.75581    
  26.8647      -36.5706      -1.53771    
  27.8202      -36.0520      -1.64076    
  28.7601      -35.8604      -1.70943    
  29.6556      -35.1281      -1.44047    
  30.4690      -34.7246      -1.12680    
  30.9914      -33.8453      -1.45354    
  31.6588      -33.1508      -1.44562    
  32.2390      -32.4830      -1.70323    
  33.1741      -31.7378      -1.62351    
  33.7888      -30.9719      -1.23180    
  34.2612      -30.2900      -1.48239    
  35.0724      -29.5362      -1.70961    
  35.9971      -29.2253      -1.95579    
  36.6449      -28.9479      -1.38431    
  37.1539      -28.3355      -1.02760    
  37.8054      -27.7212     -0.285553    
  38.2870      -27.4013      0.551457    
  39.0438      -26.8391       1.09405    
  39.4078      -25.8358       1.47503    
  39.8593      -25.0365       1.68898    
  40.2166      -24.0297       1.46521    
  40.7540      -23.0479       1.31268    
  41.4733      -22.7152      0.815394    
  42.1590      -21.9542       1.00685    
  42.2195      -20.9893       1.02646    
  42.4478      -19.8733      0.803455    
  42.6950      -18.9119      0.810013    
  43.2573      -18.2343      0.945985    
  43.9611      -17.3912       1.06043    
  44.4965      -16.7648       1.57694    
  44.7289      -15.8460       2.01351    
  44.6163      -14.8534       1.82890    
  44.8961      -13.9201       1.30572    
  45.1975      -13.0160       1.46720    
  45.5123      -11.9595       1.24047    
  46.2910      -11.3123       1.50181    
  46.5270      -10.2266       1.51433    
  46.6962      -9.24940       1.58968    
  46.4767      -8.09801       1.69763    
  47.0283      -7.44740       1.41074    
  47.8285      -6.57225       1.59821    
  48.3786      -5.65023       1.85489    
  48.2289      -4.89096       2.22672    
  47.7792      -4.04385       2.36335    
  47.1857      -3.36184       2.41769    
  47.1232      -2.70976       1.66813    
