  46.2045      -1.46205       4.04386    
  45.5095     -0.903511       3.65287    
  44.9622     -0.247444       2.97234    
  45.1735      0.849484       2.64985    
  45.0268       1.71848       2.24367    
  45.5410       2.50903       1.52187    
  45.8899       3.59710       1.40906    
  46.1234       4.56638       1.76986    
  45.6585       5.40538       2.24016    
  44.7992       6.03428       2.09527    
  44.1817       6.88328       1.53650    
  43.9576       8.03044       1.32982    
  43.5988       9.12203       1.54296    
  42.8758       10.0044       1.55920    
  41.9070       10.3349       1.22217    
  41.1564       10.9521      0.673962    
  40.6744       12.0578      0.578149    
  40.2773       13.1823      0.617699    
  40.0785       13.9430      0.805445    
  39.5292       14.7761      0.948550    
  38.8858       15.4223      0.585541    
  38.1496       15.9909     -0.149248E-01
  37.6368       16.7961     -0.247491    
  37.4610       17.7438     -0.673563    
  37.1386       18.6344      -1.07133    
  37.1651       19.5994      -1.60339    
  36.5035       20.2029      -1.40575    
  35.7294       20.8533      -1.28554    
  35.1107       21.9342      -1.38359    
  34.2755       22.5541      -1.74913    
  33.5755       23.3426      -1.67530    
  32.7855       23.8985      -1.42394    
  32.1432       24.6587      -1.25363    
  31.3024       25.3352      -1.54717    
  30.7688       26.2425      -1.40880    
  29.8391       26.3652      -1.18566    
  28.7978       26.2474      -1.45428    
  28.2604       26.8738      -2.04742    
  27.5840       27.6514      -2.15399    
  26.8313       28.2898      -1.99901    
  25.8899       28.7415      -2.00957    
  25.0230       28.8562      -2.41844    
  25.0428       29.3099      -3.47955    
  24.4633       30.0976      -3.78861    
  24.0612       30.8850      -4.16299    
  23.4217       31.8773      -4.43161    
  22.6767       32.7268      -4.51733    
  22.1970       33.4825      -4.37624    
  21.4937       34.2537      -4.26957    
  20.8786       34.5466      -3.65725    
  20.0804       34.6732      -3.27869    
  18.9895       34.8074      -3.30017    
  18.0362       34.8381      -3.12918    
  17.1118       35.1542      -2.68850    
  16.0877       35.6080      -2.91701    
  15.5689       36.4119      -3.37215    
  15.2458       37.2572      -3.06885    
  14.5110       37.9374      -2.89331    
  13.6384       38.1935      -2.44147    
  12.5776       38.7431      -2.44092    
  11.4467       39.1739      -2.10432    
  10.5716       38.7347      -2.03444    
  9.67314       38.3749      -2.50740    
  8.64659       38.3044      -2.73713    
  7.53450       38.4838      -3.10341    
  6.47206       38.7897      -3.46103    
  5.44963       39.0142      -3.67580    
  4.73054       38.4570      -3.76842    
  4.14570       38.6351      -4.67976    
  4.35457       39.1758      -5.64477    
  4.48862       38.8460      -6.70437    
  3.77850       39.0997      -7.53683    
  3.70017       39.8812      -6.98856    
  3.81694       39.3088      -6.12346    
  4.48807       38.5860      -5.54842    
  4.78784       38.9334      -4.63264    
  3.76938       39.2332      -4.22871    
  2.82804       39.1687      -3.82300    
  1.83394       39.1208      -3.84738    
 0.652572       39.3819      -3.87775    
-0.226754E-02   39.9261      -3.15002    
-0.897718       39.5672      -2.78348    
 -1.63018       39.7939      -3.47583    
 -2.66586       40.4527      -3.30506    
 -3.86469       40.0977      -2.95299    
 -4.70049       39.9958      -3.06309    
 -5.49141       40.3800      -3.05387    
 -6.32050       40.7777      -2.58280    
 -7.17086       40.8598      -2.27993    
 -8.16553       40.9101      -2.73536    
 -9.21215       40.8403      -2.84653    
 -10.4298       40.7813      -2.66087    
 -11.2161       40.1991      -2.45790    
 -11.9075       39.4402      -2.15286    
 -12.8644       39.4119      -2.15570    
 -13.7483       39.4718      -2.16729    
 -14.8268       39.8957      -2.06718    
 -15.8277       39.8587      -1.65669    
 -16.7675       39.4855      -1.56219    
 -17.3906       38.8411      -1.94557    
 -17.9967       38.0889      -2.32496    
 -18.3651       38.0328      -3.23037    
 -18.9927       37.9021      -3.93810    
 -19.8455       38.5784      -3.86076    
 -20.7255       37.8071      -3.33928    
 -21.2561       37.1206      -2.62127    
 -22.0171       36.3702      -2.29185    
 -23.0114       35.9647      -2.23348    
 -23.9547       35.8040      -1.94139    
 -24.9015       35.4068      -1.73939    
 -25.8955       35.0954      -1.20320    
 -26.6518       34.4519     -0.922447    
 -27.4869       33.8103     -0.824540    
 -28.0006       32.7940      -1.40114    
 -28.7905       32.2310      -1.48971    
 -29.8850       31.9100      -1.49817    
 -30.7357       31.3235     -0.982576    
 -31.5291       30.8944     -0.627286    
 -31.9820       30.0640     -0.507435    
 -32.7803       29.3293     -0.529401    
 -33.7215       28.6449     -0.425803    
 -34.8166       28.1934     -0.255969    
 -35.6467       27.4944     -0.297936    
 -36.0800       26.6219     -0.537540    
 -36.6546       25.5774     -0.716423    
 -37.5753       24.8395     -0.765096    
 -37.6906       23.7210     -0.772709    
 -37.2261       22.6493     -0.610612    
 -36.3608       22.3470     -0.829091    
 -35.3697       22.8706      -1.03461    
 -34.5631       22.4531     -0.827607    
 -35.5242       22.4436     -0.458902    
 -36.4178       23.0729     -0.884645    
 -37.2485       22.4921      -1.38787    
 -37.7342       21.9236      -2.13099    
 -37.9913       20.9233      -2.42902    
 -38.4119       19.9264      -2.21754    
 -38.9141       18.9924      -1.83322    
 -38.9388       17.8740      -2.20933    
 -39.2780       17.0176      -2.35534    
 -39.3189       15.9634      -2.45346    
 -39.7595       14.7966      -2.17002    
 -39.8997       13.8644      -2.11583    
 -39.9313       12.8032      -2.01645    
 -40.1297       11.6698      -1.64342    
 -40.2452       10.6942      -2.02377    
 -40.1777       9.80871      -2.51423    
 -40.8003       8.95129      -2.68774    
 -41.0811       7.83534      -2.45214    
 -41.4078       6.94510      -1.59609    
 -41.6044       5.92318      -1.57208    
 -42.3570       4.94281      -1.78828    
 -42.9212       3.98380      -1.57894    
 -42.8884       2.99324      -1.17771    
 -42.6660       1.98168      -1.14268    
 -42.4299      0.937655      -1.53896    
 -41.8774     -0.153142      -1.47524    
 -41.5608     -0.702388      -2.23649    
 -41.7668      -1.47425      -2.97693    
 -42.7239      -1.94508      -3.03388    
 -42.6510      -3.08471      -3.25177    
 -42.1920      -4.07500      -3.29707    
 -41.9242      -5.12055      -2.94777    
 -41.7269      -6.18920      -3.36362    
 -41.1499      -7.08153      -3.39355    
 -40.5201      -7.68185      -3.08239    
 -39.9001      -8.48720      -3.10005    
 -38.9966      -9.17870      -3.34058    
 -38.2808      -9.90810      -3.62843    
 -37.8065      -10.8893      -3.81941    
 -37.4416      -11.6486      -4.20765    
 -37.6086      -12.6942      -4.14601    
 -37.9646      -13.7682      -3.91008    
 -38.0952      -14.8678      -3.60883    
 -37.7219      -15.7782      -3.37224    
 -36.8844      -16.2454      -3.56614    
 -36.6571      -17.2256      -3.81675    
 -36.6160      -18.4483      -3.96904    
 -36.1933      -19.0633      -3.17960    
 -35.5713      -19.5892      -2.67910    
 -34.8578      -20.0555      -2.07783    
 -34.1714      -20.3054      -1.41125    
 -33.3599      -20.7479      -1.57360    
 -32.6321      -21.3098      -1.70890    
 -32.2379      -22.1323      -2.21287    
 -31.8391      -23.1024      -2.24366    
 -31.3789      -23.9913      -1.77863    
 -30.9980      -24.9070      -1.96275    
 -30.3618      -25.4607      -2.47423    
 -29.3067      -25.6042      -2.68158    
 -28.7486      -26.4552      -2.90352    
 -28.4833      -27.3935      -2.56673    
 -28.2257      -28.5042      -2.41841    
 -28.1512      -29.6281      -2.14095    
 -27.5177      -30.3947      -2.21426    
 -26.8711      -31.2665      -1.86142    
 -26.3601      -32.0714      -1.32992    
 -25.5573      -32.5821      -1.09764    
 -24.4853      -32.6569      -1.02667    
 -23.5542      -32.7661      -1.36404    
 -22.6344      -33.0468      -1.61604    
 -21.8355      -33.3764      -1.69325    
 -21.0164      -34.1640      -1.82218    
 -20.3487      -35.1218      -1.99982    
 -19.3805      -35.5771      -2.03846    
 -18.2504      -36.0684      -1.89070    
 -17.1830      -36.3735      -1.78384    
 -16.4466      -36.8502      -2.15582    
 -15.7996      -37.5949      -2.36748    
 -15.5148      -38.4920      -2.40495    
 -15.2256      -39.4526      -2.08513    
 -14.6051      -39.5276      -1.26111    
 -14.4072      -38.5182     -0.930721    
 -14.7104      -38.3955     -0.122700    
 -14.5451      -38.8571      0.918498    
 -15.1445      -38.4381       1.74758    
 -15.2146      -38.0984      0.940955    
 -14.3701      -38.4316      0.390987    
 -14.3359      -39.0501     -0.314024    
 -15.0404      -38.9838      -1.24503    
 -14.4633      -39.0272      -1.95759    
 -13.4444      -39.4395      -1.69366    
 -12.5042      -39.3493      -1.18142    
 -11.3190      -39.7687     -0.893440    
 -10.3003      -39.9425     -0.699344    
 -9.25969      -39.9939     -0.768330    
 -8.28272      -40.5270     -0.861403    
 -7.44085      -41.1304     -0.548489    
 -6.46790      -41.4648     -0.534890    
 -5.66012      -42.1245     -0.331567    
 -4.63709      -42.1781     -0.149196    
 -3.65199      -41.7376     -0.218064    
 -2.42929      -41.8958     -0.666920    
 -1.46002      -42.6497     -0.833152    
-0.488149      -42.9868      -1.04279    
 0.693977      -42.8972      -1.04771    
  1.60674      -43.2329      -1.09271    
  2.48470      -43.3046     -0.942467    
  3.28037      -43.3924      -1.66097    
  4.06403      -44.1138      -1.70008    
  4.89880      -44.5606      -1.35676    
  5.85174      -43.8991      -1.13993    
  6.80907      -43.7803     -0.670126    
  7.87651      -43.8996     -0.642951    
  8.99397      -43.9852     -0.701398    
  9.88176      -44.0782     -0.759903    
  10.7898      -43.6110     -0.876347    
  11.6354      -43.3206      -1.43925    
  12.6573      -43.0011      -1.46921    
  13.7012      -42.7646      -1.33088    
  14.6953      -42.7699      -1.79992    
  15.4752      -43.0930      -2.54798    
  16.5633      -43.0643      -2.49821    
  17.4960      -42.7200      -2.15670    
  18.2577      -42.2401      -2.32325    
  19.2542      -42.2975      -2.15829    
  20.1664      -41.9160      -1.79099    
  20.9631      -41.6321      -1.27071    
  21.9754      -41.2666      -1.01104    
  22.7177      -40.8312     -0.507792    
  23.8731      -40.4111     -0.532832    
  24.9117      -39.9769      0.522770E-01
  25.7061      -39.2273      0.204015    
  26.6454      -38.6693      0.235635    
  26.9904      -37.6220      0.329003    
  27.4089      -36.5583      0.546938E-01
  28.1730      -36.1028      0.511434E-01
  29.1790      -35.5540     -0.158205E-01
  29.8147      -35.0771     -0.440208    
  30.5450      -34.5680     -0.707584    
  31.0946      -33.5363     -0.700218    
  31.8148      -32.7532     -0.874883    
  32.7080      -32.3371      -1.19998    
  33.5972      -31.9843      -1.17468    
  34.4241      -31.4224     -0.837939    
  35.0130      -30.7722      -1.28315    
  35.2640      -29.8847      -1.46492    
  36.0079      -28.9454      -1.49008    
  36.6109      -28.1948      -1.28357    
  37.2038      -27.2682      -1.03001    
  37.9540      -26.4647     -0.520409    
  38.3192      -25.8626     -0.922525E-01
  38.4977      -24.8219      0.362109    
  38.7774      -23.9433     -0.462205E-01
  39.6080      -23.4136     -0.505071E-01
  39.9914      -22.5714      0.647812    
  40.2475      -21.5818      0.600115    
  40.6728      -20.5997      0.637550    
  41.1583      -19.7509      0.669277    
  41.7843      -18.8142      0.868255    
  42.4216      -18.0966      0.859153    
  42.9503      -17.4718       1.38348    
  43.6482      -16.8366       2.15080    
  43.8190      -15.7480       2.62594    
  44.4843      -14.9576       3.10198    
  44.6224      -14.0950       3.81472    
  45.2764      -13.1537       3.75300    
  45.7676      -12.3627       3.77488    
  45.8316      -11.6871       4.41730    
  45.5501      -10.5225       4.14356    
  45.3168      -9.54826       3.56792    
  45.3306      -8.90085       2.58916    
  45.6669      -7.87382       2.58162    
  46.1111      -6.99746       2.46197    
  46.9671      -6.46423       2.42912    
  47.6509      -6.07944       2.64937    
  47.8402      -5.16018       3.45857    
  47.6813      -4.23880       3.64241    
  47.4921      -3.29423       3.58830    
  47.0587      -2.18553       3.80545    
