  46.1409     -0.655269       4.30044    
  45.8018      0.201496       3.76631    
  45.6469      0.730318       3.08506    
  46.0347       1.17786       2.42454    
  46.2082       2.19164       2.22528    
  46.1745       3.33676       2.33627    
  45.6280       4.20112       1.94843    
  45.1843       5.02626       1.98204    
  45.0456       6.13868       2.10308    
  44.3290       6.78279       2.17513    
  43.9202       7.50381       1.50527    
  42.9196       7.86557       1.15926    
  42.3147       8.50642      0.884019    
  42.2340       9.55832      0.671150    
  42.1903       10.7247      0.582405    
  41.7496       11.5779      0.753350    
  40.9163       12.4302      0.836210    
  40.7229       13.3744      0.887803    
  40.3552       14.3146      0.978301    
  39.7865       15.2575      0.754856    
  39.2189       15.9253      0.627576    
  38.4566       16.4018      0.640398    
  37.8062       16.8501     -0.661662E-01
  36.9505       17.2043     -0.524380    
  36.3019       18.0800      -1.10990    
  35.9722       19.0586      -1.21815    
  35.6509       20.0236     -0.708551    
  34.6684       20.5967     -0.634112    
  33.8465       21.1008     -0.576216    
  33.2493       21.7763      -1.20349    
  32.4681       22.5738      -1.19834    
  31.6916       23.2456      -1.37338    
  30.9842       23.9476      -1.89498    
  30.1477       24.6421      -1.60715    
  29.5349       25.6100      -1.83445    
  28.6501       26.2356      -1.92999    
  27.7652       26.7149      -2.28950    
  27.2344       27.5385      -2.46378    
  26.4371       28.2630      -2.20862    
  25.5805       28.4876      -2.61868    
  24.5953       28.8796      -2.72428    
  23.9802       29.4869      -2.97638    
  23.2195       30.1069      -3.30905    
  22.8634       30.3979      -4.09579    
  23.2546       30.9743      -4.84360    
  23.6267       32.0367      -4.92252    
  23.0608       32.6364      -4.29103    
  22.2191       33.0294      -3.93759    
  21.6899       33.6166      -3.47561    
  20.7149       33.9485      -3.23951    
  20.0639       34.8119      -2.94071    
  19.0922       34.7450      -2.61914    
  18.2200       34.9133      -2.19872    
  17.2347       35.2218      -1.97654    
  16.5008       35.5132      -2.63789    
  15.5815       36.1027      -2.64966    
  14.8961       37.1403      -2.97696    
  13.9223       37.8291      -3.11643    
  13.1380       38.3758      -2.71075    
  12.1433       38.7865      -2.81012    
  11.1708       39.0896      -2.37031    
  10.1258       38.8498      -2.12269    
  9.08065       38.8655      -1.83071    
  8.12377       38.6159      -1.63634    
  7.64318       38.3608      -2.48773    
  7.22522       38.9579      -3.27282    
  6.15674       38.9019      -3.09764    
  5.29610       39.0295      -3.33677    
  4.37500       38.7132      -3.98140    
  3.97352       38.9028      -5.19262    
  4.45202       38.6541      -5.95363    
  4.21043       38.2166      -6.65305    
  3.49481       38.6184      -6.28260    
  3.69506       38.4985      -5.18670    
  4.67842       38.6146      -4.71322    
  5.09852       39.0796      -3.98083    
  4.31277       39.4758      -3.34564    
  3.44573       39.7075      -3.02176    
  2.29875       39.4696      -2.89634    
  1.25654       39.0766      -3.06010    
 0.246177       39.3289      -3.75008    
-0.819411       39.5306      -2.99275    
 -1.67592       39.4696      -2.48349    
 -2.70611       39.5295      -2.31250    
 -3.50524       39.7942      -2.25202    
 -4.51290       40.1711      -1.87288    
 -5.40128       40.4128      -1.80553    
 -6.17543       40.2532      -2.37507    
 -6.97803       40.7005      -2.10743    
 -8.01549       40.4161      -1.82651    
 -9.12255       39.8585      -1.62136    
 -9.67569       39.8443      -2.43439    
 -10.5005       40.3470      -2.59490    
 -11.2058       39.8074      -2.26544    
 -12.1488       39.0547      -2.28593    
 -12.8941       38.5655      -2.56499    
 -13.7795       38.5001      -2.80145    
 -14.7669       38.6847      -3.12765    
 -15.8091       38.7729      -3.36970    
 -16.7318       39.4425      -3.36539    
 -17.7684       39.3254      -3.63906    
 -18.5923       38.9724      -3.84429    
 -19.5565       38.5507      -3.43991    
 -20.5283       38.0411      -3.30209    
 -21.5873       37.6762      -3.16640    
 -22.0970       37.0373      -2.47892    
 -22.5127       36.1071      -2.29326    
 -23.1224       35.3819      -2.34914    
 -24.0400       35.3963      -2.41274    
 -24.8668       35.1501      -1.94774    
 -25.6141       34.6302      -1.46649    
 -26.3345       33.8978      -1.00169    
 -27.3239       33.3745      -1.08532    
 -28.3261       32.8024     -0.669523    
 -29.1086       32.0743     -0.194911    
 -29.9400       31.4463     -0.151820    
 -30.6523       30.8032     -0.191371    
 -31.3229       30.1779     -0.294201    
 -32.2431       29.5563     -0.276924    
 -33.1829       29.1083     -0.237325    
 -33.8073       28.4126     -0.481288    
 -34.5928       27.7739     -0.925140    
 -35.6098       27.2044     -0.798267    
 -36.1151       26.2114     -0.838592    
 -36.7111       25.3209     -0.749018    
 -37.0528       24.4299     -0.743601    
 -37.1161       23.4960     -0.653171    
 -36.8483       22.5208     -0.649917    
 -36.0571       22.3350      -1.16674    
 -35.3068       22.8214      -1.43853    
 -34.3546       22.5634     -0.879647    
 -35.2212       22.1300     -0.786286    
 -35.8988       22.9824     -0.728500    
 -36.7767       22.7241      -1.09502    
 -37.4775       21.9559      -1.37207    
 -37.7320       20.9909      -1.45827    
 -38.0618       19.9282      -1.84862    
 -38.3480       18.6909      -1.98368    
 -38.6695       17.6213      -1.71874    
 -38.9404       16.6332      -1.40301    
 -39.2020       15.5148      -1.52991    
 -39.5209       14.6666      -1.25797    
 -39.6986       13.5966      -1.13190    
 -39.8053       12.6055      -1.26427    
 -39.7114       11.4597      -1.56288    
 -40.1395       10.4036      -1.87598    
 -40.2671       9.28675      -2.07331    
 -40.6767       8.06179      -2.12313    
 -41.0874       7.04088      -2.37491    
 -41.5055       5.98610      -2.18335    
 -41.7528       5.08867      -2.22821    
 -41.6462       4.04303      -2.27129    
 -42.4900       3.17973      -2.43846    
 -43.0343       2.13208      -2.34649    
 -42.8557       1.26478      -1.87797    
 -42.5299      0.406369      -1.32140    
 -41.6413     -0.111457      -1.13937    
 -41.0306     -0.366654      -1.90654    
 -41.0418      -1.28449      -2.40940    
 -41.6551      -1.85918      -3.03599    
 -41.8289      -2.65650      -2.55040    
 -41.5113      -3.84470      -2.35503    
 -41.1191      -4.78320      -2.17443    
 -40.6226      -5.64452      -2.31612    
 -40.3807      -6.27798      -3.10516    
 -40.4160      -7.26079      -2.90993    
 -40.0961      -8.29728      -2.75257    
 -39.7117      -9.04363      -3.12693    
 -38.8529      -10.1135      -3.21735    
 -39.0271      -10.7870      -3.88732    
 -39.0292      -11.8376      -3.90633    
 -38.6640      -12.9559      -3.78311    
 -38.2323      -13.9041      -3.50073    
 -37.6366      -14.6215      -3.38129    
 -36.4240      -14.9778      -3.46453    
 -36.0590      -15.9394      -3.55144    
 -35.8960      -16.9513      -3.13875    
 -35.6988      -17.8837      -2.86024    
 -35.6953      -19.0512      -2.61278    
 -35.7726      -19.6795      -2.02127    
 -35.2648      -20.1225      -1.06376    
 -34.3932      -20.3660     -0.644126    
 -33.8141      -21.0071      -1.37333    
 -33.4456      -21.7436      -1.84575    
 -32.6633      -22.5608      -1.84859    
 -32.4326      -23.5787      -1.91948    
 -31.6487      -24.1330      -2.18130    
 -30.8099      -24.6729      -1.80012    
 -29.9003      -25.0488      -1.31476    
 -29.2823      -26.0603      -1.45918    
 -28.7769      -26.9309      -1.37606    
 -28.2594      -27.7625      -1.17794    
 -27.8642      -28.7304      -1.61043    
 -27.3116      -29.7738      -1.24295    
 -26.8187      -30.5725     -0.631219    
 -25.9561      -31.0136     -0.414939    
 -25.1400      -31.3350     -0.684186    
 -24.5759      -31.9688     -0.739652    
 -23.9027      -32.8665     -0.820135    
 -23.1494      -33.2304     -0.928443    
 -22.2278      -33.2713      -1.23499    
 -21.5579      -33.5448      -1.77628    
 -20.6252      -34.2532      -2.09181    
 -19.9800      -35.1150      -2.36725    
 -19.2711      -35.8993      -2.30760    
 -18.2960      -36.3703      -1.54491    
 -17.3458      -36.4343      -1.99521    
 -16.9447      -36.7510      -2.83605    
 -16.1829      -37.6773      -2.69902    
 -15.9322      -38.6605      -2.43828    
 -15.1490      -39.1516      -2.07598    
 -14.3305      -39.1844      -1.53233    
 -14.2672      -38.2245     -0.767646    
 -14.9874      -38.0386     -0.435377    
 -15.6908      -38.3338      0.256819    
 -15.8621      -37.8351       1.29495    
 -15.7450      -37.6015      0.367581    
 -15.0123      -38.0674      0.295208    
 -14.9172      -38.7319     -0.455280    
 -14.5130      -38.6224      -1.41691    
 -13.6841      -38.3513      -2.05734    
 -12.7273      -38.5551      -2.48490    
 -11.7736      -39.0521      -2.36218    
 -10.6751      -39.1893      -2.40840    
 -9.84446      -39.6555      -2.56540    
 -8.81090      -40.0862      -2.17236    
 -7.90765      -40.1142      -1.57175    
 -7.19050      -40.7525     -0.825421    
 -6.45795      -41.1894     -0.406498E-01
 -5.34964      -41.2628      0.722466E-01
 -4.46433      -41.1059     -0.142435E-01
 -3.42385      -41.1696     -0.481794    
 -2.41435      -41.7311     -0.675924    
 -1.38365      -41.7620     -0.728200    
-0.524776      -41.9552      -1.02353    
 0.537193      -41.8460      -1.09908    
  1.55852      -42.2234      -1.21616    
  2.60530      -42.5867     -0.976414    
  3.70031      -42.9220      -1.32693    
  4.53091      -43.3230      -1.53542    
  5.39535      -43.8810      -1.69804    
  6.26035      -44.3098      -1.82468    
  7.39068      -44.5644      -1.43851    
  8.13527      -44.1492     -0.872695    
  8.97777      -43.5118      -1.24743    
  9.49196      -43.2505      -2.02785    
  10.6052      -43.3415      -1.73350    
  11.6925      -43.0814      -1.74009    
  12.6272      -42.5209      -1.95081    
  13.7497      -42.4620      -1.97593    
  14.7545      -42.3681      -2.03361    
  15.7974      -42.2626      -2.50157    
  16.8037      -42.1994      -2.83747    
  17.8794      -41.8450      -2.60904    
  18.9117      -41.5666      -2.46683    
  19.7057      -41.3250      -2.07603    
  20.4461      -40.8587      -1.99244    
  21.2409      -40.2398      -1.80851    
  22.3930      -40.2274      -1.76143    
  23.1754      -39.8782      -1.47904    
  23.8717      -39.0974      -1.45210    
  24.8262      -38.6447      -1.87280    
  26.1040      -38.7903      -2.08295    
  26.9215      -38.6372      -1.39148    
  27.4026      -38.2311     -0.429854    
  28.2359      -37.7945      0.221303E-01
  28.0099      -36.7720     -0.673584E-01
  28.3363      -35.5350     -0.450986    
  28.9732      -34.5581     -0.766307    
  30.0215      -33.9656      -1.16775    
  30.9917      -33.3583      -1.19477    
  31.8687      -32.6381      -1.28922    
  32.5299      -32.0085      -1.60458    
  33.2350      -31.2355      -1.21679    
  33.6185      -30.4733     -0.633351    
  34.5993      -30.1463     -0.447836    
  35.3971      -29.6996     -0.113459    
  35.9083      -28.9045     -0.395932    
  36.4305      -28.1429     -0.157987E-01
  36.8197      -27.0286      0.321542E-02
  37.7808      -26.4589      0.194863    
  38.5453      -25.6215      0.316423    
  38.4854      -24.5644      0.480618    
  38.6713      -23.2114      0.700994    
  39.4688      -22.5516      0.638629    
  40.2747      -21.8557      0.509924    
  41.0945      -21.1819       1.08707    
  41.3564      -20.1757      0.871153    
  41.9118      -19.4393      0.537766    
  42.5066      -18.5039      0.574812    
  42.7346      -17.6354      0.654259    
  42.7166      -16.9109       1.23670    
  42.9282      -15.9396       1.58562    
  43.7325      -15.3089       1.98024    
  44.2311      -14.7245       2.39292    
  44.6844      -13.8664       2.65443    
  44.4707      -12.8070       2.76641    
  44.6866      -11.8025       2.66684    
  45.4433      -10.9456       2.71745    
  45.7861      -10.1086       3.16745    
  45.1959      -9.26613       3.12142    
  44.5317      -8.36762       2.95027    
  44.8021      -7.41744       2.94604    
  45.6032      -6.67669       2.95630    
  46.1389      -5.77657       2.75346    
  46.9707      -5.24126       3.16070    
  47.4593      -4.51734       3.63251    
  47.4233      -3.49251       3.86633    
  47.0986      -2.62710       4.33021    
  46.6163      -1.68335       4.28698    
