  46.7898       1.99044       2.59529    
  47.2482       1.82220       1.62810    
  46.9629       2.40651       1.64480    
  46.5023       1.74711       2.22521    
  46.3241      0.902563       2.97792    
  45.3326       1.13565       3.29668    
  45.1818       2.21238       3.12765    
  45.1510       3.38711       3.08867    
  44.5617       4.31454       2.59537    
  44.3273       5.29070       2.57601    
  44.3578       6.28615       2.45208    
  44.1365       7.14463       2.57601    
  43.4396       7.83930       2.72001    
  42.5139       8.14897       2.79946    
  41.8113       9.07373       2.60835    
  41.0477       9.73509       2.28419    
  40.8035       10.4958       1.96172    
  40.8098       11.2642       2.53232    
  40.0734       11.9781       2.76663    
  39.4813       12.9150       2.77014    
  38.8894       13.6951       2.49499    
  38.1386       14.5402       2.58879    
  37.2808       15.0320       2.76676    
  36.0956       15.1732       2.46963    
  35.4274       15.8610       2.17121    
  35.0890       16.7928       1.87984    
  34.8674       17.7736       1.43164    
  34.4118       18.0697      0.553266    
  34.4951       18.7274     -0.100188    
  33.9655       19.6163     -0.497416    
  34.1287       20.5652     -0.477649    
  33.5812       21.4497     -0.392850    
  32.7001       21.8347     -0.172978    
  32.0542       22.2687     -0.604692    
  31.0067       22.6631     -0.766144    
  30.4806       23.4857      -1.15191    
  30.1066       24.4873      -1.30660    
  29.5549       25.1925     -0.746055    
  28.5929       25.5218     -0.359872    
  27.9359       26.1564     -0.656402    
  27.2067       26.8982     -0.768549    
  26.3606       27.7087      -1.08203    
  25.2713       27.7715     -0.777869    
  24.0284       27.9379      -1.21997    
  23.2093       28.3918      -1.55147    
  22.9458       29.4889      -1.63153    
  22.0717       30.1504      -1.19753    
  20.9841       30.7151     -0.803716    
  20.0910       30.9849      -1.13431    
  19.1039       31.4827      -1.47637    
  18.5172       32.1829      -1.97104    
  17.6112       32.5658      -2.28277    
  17.0946       33.3782      -2.68097    
  16.3716       33.9534      -2.98141    
  15.5293       34.5699      -2.62298    
  14.6218       35.0574      -2.75429    
  13.7454       35.1544      -2.31357    
  12.7761       35.7375      -2.21437    
  11.8617       36.3903      -1.95813    
  11.0430       36.8706      -1.55694    
  10.0925       36.6423      -1.42456    
  9.05429       36.8316      -1.86010    
  7.86822       37.1857      -1.90942    
  7.10951       38.0685      -1.67421    
  6.03515       38.2741      -1.84018    
  5.21354       38.1537      -2.29059    
  4.54407       37.7118      -3.16791    
  4.58579       37.4586      -4.05023    
  4.67652       37.8230      -5.04810    
  3.93934       37.7814      -5.85269    
  3.12499       38.3876      -6.01891    
  2.24295       39.1470      -6.15458    
  2.37656       39.1587      -7.12435    
  3.32100       39.1058      -6.78498    
  3.63839       38.5623      -5.84924    
  3.88609       37.6663      -5.07057    
  4.53094       37.0153      -4.92500    
  5.10539       37.3108      -4.05790    
  4.82609       38.0842      -3.53229    
  3.57875       38.4064      -3.39748    
  2.53491       38.6092      -3.77227    
  1.74538       38.7306      -4.42224    
 0.809870       38.8631      -4.77334    
-0.172102       38.4498      -4.77794    
 -1.16325       38.2960      -4.21974    
 -2.16294       37.9416      -3.97160    
 -3.10178       38.1706      -3.89784    
 -3.97503       37.7506      -3.90497    
 -5.06519       37.5218      -3.62507    
 -5.99698       37.6476      -3.86710    
 -7.03099       37.4552      -3.67785    
 -7.88809       37.1156      -3.59397    
 -8.76557       37.2967      -3.57276    
 -9.76718       37.1650      -3.36927    
 -10.4450       37.6119      -3.04381    
 -11.6093       37.5169      -2.82472    
 -12.5847       37.5553      -2.47795    
 -13.6353       37.7497      -2.31764    
 -14.7422       37.8324      -1.83072    
 -15.7976       38.1117      -1.33845    
 -16.6573       38.2559     -0.868864    
 -17.4200       37.8515     -0.535268    
 -17.9559       37.0613     -0.507084    
 -19.0105       36.4065     -0.456710    
 -19.9321       36.1948     -0.593193    
 -20.8720       36.0614      -1.11914    
 -21.8526       36.1532      -1.03617    
 -22.4256       35.8467     -0.348030    
 -23.1078       35.1199      0.187353E-01
 -23.9310       34.5176      0.155338    
 -24.7350       33.9744     -0.175190    
 -25.4757       33.2934     -0.289487    
 -26.1831       32.3441      0.279558    
 -26.5599       31.2662      0.181067    
 -27.0710       30.4637      0.129922    
 -27.8524       29.7806      0.109160    
 -28.3920       29.1162      0.341528    
 -29.4673       28.6335      0.521060    
 -30.5273       28.1125      0.213677    
 -31.0520       27.3547     -0.414764    
 -31.9032       27.0822     -0.450842    
 -32.7394       26.4157     -0.537673    
 -33.5205       25.6608     -0.261996    
 -34.0165       24.7486     -0.359927    
 -33.9092       23.6874     -0.550435    
 -33.9876       22.7190     -0.885249    
 -33.2614       21.8841     -0.578566    
 -32.6013       21.7962      0.218110    
 -32.8074       20.9871      0.694462    
 -33.3385       21.1186     -0.460395E-01
 -33.4557       22.1244     -0.150163    
 -32.8886       22.7486     -0.824553    
 -33.3391       23.3939     -0.972779    
 -34.4173       23.3899      -1.23516    
 -35.2310       22.8821      -1.24602    
 -35.6073       21.9346     -0.856235    
 -36.0705       21.0681      -1.13686    
 -36.9478       20.3969      -1.42608    
 -37.7192       19.9390     -0.826572    
 -38.3950       19.3284     -0.522608    
 -38.9029       18.3480     -0.969078    
 -39.7416       17.8121      -1.09689    
 -40.2142       16.7667      -1.13024    
 -40.4607       15.7534     -0.880854    
 -40.8492       14.7831     -0.880675    
 -40.9171       13.6922     -0.787137    
 -41.1580       12.5407      -1.03205    
 -41.3013       11.6136      -1.36717    
 -41.6649       10.6215      -1.61632    
 -41.8714       9.51249      -1.67532    
 -41.2856       8.68440      -1.89756    
 -40.6122       8.11930      -2.33072    
 -40.5524       6.95514      -2.43857    
 -39.9789       5.81862      -2.42951    
 -39.9228       4.86914      -2.73109    
 -40.0675       3.63226      -3.01356    
 -40.0792       2.78916      -2.97048    
 -40.2541       1.77919      -3.03391    
 -40.2256      0.805735      -3.20813    
 -40.0494     -0.138145      -3.23131    
 -39.9053      -1.23546      -3.24389    
 -39.9553      -2.12596      -2.78745    
 -39.9694      -3.00752      -2.64407    
 -39.8715      -3.96960      -2.69118    
 -39.7510      -5.12737      -2.73297    
 -39.5372      -6.19623      -2.88015    
 -39.2350      -7.07500      -3.02974    
 -39.2706      -7.83837      -3.63875    
 -39.2541      -8.62094      -3.82973    
 -39.8486      -9.46044      -3.36598    
 -39.4825      -10.3457      -2.65712    
 -38.8763      -10.9227      -1.89733    
 -38.0413      -11.2606      -1.84021    
 -37.0985      -11.7029      -2.26049    
 -36.8284      -12.6999      -2.62504    
 -36.5544      -13.7227      -2.60258    
 -35.8425      -14.0762      -2.30166    
 -35.0305      -14.9659      -2.23193    
 -34.3180      -15.7814      -2.15810    
 -34.5530      -16.6857      -2.67158    
 -34.7602      -17.7996      -2.51270    
 -34.8005      -18.7569      -2.20706    
 -34.5380      -19.5740      -1.60534    
 -34.1609      -20.6999      -1.64177    
 -33.0882      -21.2381      -1.32748    
 -31.9112      -21.6895      -1.50763    
 -31.3186      -22.6555      -1.64486    
 -31.2099      -23.4474      -2.31076    
 -30.8745      -24.5858      -2.12891    
 -30.0429      -25.1722      -2.25947    
 -29.6563      -26.2169      -2.16110    
 -28.8373      -26.7150      -1.68577    
 -28.1215      -27.4046      -1.70322    
 -27.5188      -28.0886      -2.09177    
 -26.6635      -28.6477      -2.22309    
 -25.9536      -29.5170      -1.93184    
 -25.3355      -30.1841      -1.67196    
 -24.3373      -30.6878      -1.38754    
 -23.3242      -30.8469      -1.20776    
 -22.1697      -31.0056      -1.05996    
 -21.3360      -31.6273      -1.35996    
 -20.4783      -32.2933     -0.800162    
 -19.6072      -32.7077     -0.451583    
 -18.7584      -33.2245     -0.361501    
 -17.8542      -33.5593      0.148956    
 -17.5249      -34.4560      0.574211    
 -16.4627      -34.8866      0.726676    
 -15.6751      -35.4392       1.21623    
 -14.6094      -35.5050       1.42855    
 -13.6335      -35.6912       1.59511    
 -12.6806      -35.7293       1.12545    
 -12.9020      -35.5986      0.381808E-01
 -13.8987      -35.4119     -0.447871    
 -14.1507      -34.3894     -0.710489    
 -14.1831      -33.3393      -1.08514    
 -14.3320      -32.4973      -2.05777    
 -14.7537      -32.4276      -1.28797    
 -14.4647      -33.5700      -1.39895    
 -13.7374      -34.2746      -1.21277    
 -13.3789      -34.8499     -0.152842    
 -13.4362      -35.8929      0.378014    
 -12.7440      -36.6178      0.704552    
 -11.7892      -37.0487      0.410882    
 -10.8442      -37.5586      0.183863    
 -9.74379      -38.1563     -0.202197    
 -8.69098      -38.4305     -0.328642    
 -7.69803      -38.4654     -0.168111    
 -6.65154      -38.5485     -0.218089E-01
 -5.89970      -38.6767      0.331259    
 -4.96537      -39.0010      0.388226    
 -3.99778      -38.8686      0.378644    
 -2.97635      -38.9129      0.364292    
 -2.10200      -39.4637     -0.195293E-01
 -1.11743      -39.6074     -0.281449    
-0.387824      -40.3658     -0.268375    
 0.674688      -40.2466      0.132344    
  1.56956      -39.7036      0.576475    
  2.60987      -39.5882     -0.118192    
  3.30134      -39.5792     -0.694488    
  4.23303      -40.0084     -0.853607    
  5.07499      -40.4569     -0.691154    
  6.13850      -40.2637     -0.707610    
  7.03983      -40.0379     -0.677669    
  8.16586      -39.4206     -0.761123    
  8.74164      -39.5337      -1.53640    
  9.61873      -39.7979      -2.16462    
  10.7833      -39.7230      -2.15469    
  11.8039      -39.3321      -2.26181    
  12.6138      -39.1152      -1.99917    
  13.4742      -38.8280      -1.39773    
  14.3005      -38.1178      -1.16631    
  15.2605      -37.7201      -1.40205    
  16.1536      -37.3735      -1.68736    
  17.2302      -37.4638      -1.72265    
  18.3807      -37.2963      -1.58368    
  19.3024      -36.9914      -1.48191    
  20.3690      -36.5758      -1.25274    
  21.1335      -35.7230      -1.51803    
  22.3090      -35.5035      -1.69068    
  23.0918      -35.0580      -1.32005    
  23.6267      -34.3546      -1.56714    
  24.3204      -33.9388      -2.25904    
  25.2952      -33.8430      -2.50023    
  26.0836      -33.5680      -3.03786    
  26.9168      -33.2536      -2.89181    
  27.6776      -32.8223      -2.71802    
  28.5497      -32.5169      -2.39021    
  29.4327      -32.1818      -2.24825    
  30.2690      -31.5231      -1.91971    
  31.3911      -30.9983      -1.91077    
  32.2647      -30.6608      -1.49661    
  33.0969      -29.9994      -1.34149    
  34.0653      -29.7980      -1.05800    
  34.9783      -29.3586     -0.876948    
  35.9769      -29.0149     -0.977987    
  36.9412      -28.9247     -0.760470    
  37.4470      -28.1137      0.108639    
  37.6138      -27.0300      0.512673    
  37.9654      -26.1051      0.637081    
  38.6870      -25.4421      0.589247    
  39.3697      -24.6504       1.03977    
  39.6719      -23.5992       1.01005    
  39.8476      -22.5996      0.966056    
  40.2765      -21.6648      0.521253    
  40.3300      -20.6324      0.223989    
  40.9618      -20.0143     -0.343331    
  41.6745      -19.2572     -0.413841    
  42.2921      -18.7787     -0.807589    
  43.0648      -17.9897     -0.569277    
  43.2312      -16.9077     -0.125948    
  43.5175      -15.8003      0.133248    
  44.2091      -15.0831      0.428895E-01
  44.7646      -14.3215      0.752236    
  45.0904      -13.2652       1.02542    
  45.1773      -12.2748       1.17490    
  45.2174      -11.2034       1.38164    
  45.8414      -10.5445       1.94791    
  46.1583      -9.69939       2.38441    
  46.5374      -8.85843       2.90434    
  46.7049      -7.89014       2.72698    
  46.7641      -6.58470       2.53543    
  46.5728      -5.53595       2.75461    
  46.1098      -4.69417       2.75394    
  45.9805      -3.73796       2.09588    
  46.5374      -2.88262       1.78329    
  46.1466      -2.02433       1.94344    
  45.7193      -1.06301       2.12288    
  45.4305     -0.152461       2.27346    
  45.3231      0.883151       2.54443    
  45.9321       1.78714       2.62374    
