  47.4274       2.25741       1.99350    
  47.6581       2.37331      0.952118    
  48.0972       3.20808       1.07954    
  47.2032       2.67094       1.57341    
  46.9615       1.73133       1.61746    
  46.2560       1.17241       2.15070    
  45.2121       1.39037       2.21768    
  44.4230       2.19163       1.87575    
  43.9368       3.09188       2.03119    
  43.4330       4.00322       2.36703    
  43.0895       4.79863       2.79983    
  42.4290       5.59351       2.96877    
  41.9165       6.49175       2.88951    
  41.8961       7.55573       2.79919    
  41.6650       8.46255       2.52857    
  41.3886       9.41432       3.03742    
  40.9722       10.1848       3.26040    
  40.3632       10.6206       3.05605    
  39.7747       11.2145       2.69077    
  39.1217       11.7913       2.23358    
  38.9387       12.9508       1.60367    
  38.7574       13.9327       1.60736    
  38.0950       14.5025       2.21366    
  37.3503       14.9425       2.07936    
  36.8942       15.8534       2.17816    
  36.0238       16.2959       2.31345    
  35.2587       17.0357       2.44112    
  34.5259       17.6350       1.98091    
  33.9237       18.0717       1.49382    
  33.3429       18.5926       1.00966    
  32.7089       19.1487      0.272995    
  32.5959       20.1199      0.134847    
  32.3236       21.1094     -0.802419E-01
  31.7670       21.9304      0.149743E-01
  31.5547       22.9569     -0.112358    
  30.7608       23.6233      0.129555    
  29.9514       24.2904     -0.205896    
  29.2742       25.1012     -0.349587    
  28.3041       25.4621     -0.341943    
  27.6928       26.1004     -0.862056    
  27.2639       27.0348     -0.812334    
  26.5216       27.6074      -1.00021    
  25.7102       28.2407      -1.41529    
  24.8485       28.7410      -1.13066    
  24.2486       29.6897     -0.902207    
  23.1514       29.8112     -0.733919    
  22.2275       30.7567      -1.00757    
  21.1914       31.2370      -1.34036    
  20.3266       31.7394      -1.30423    
  19.4467       32.1631      -1.42087    
  18.5168       32.7024      -1.19426    
  17.8304       33.4568      -1.12722    
  16.6977       33.7764      -1.18485    
  15.7342       34.1639      -1.65126    
  14.7937       34.7737      -1.60681    
  14.1628       35.5403      -1.48402    
  13.2787       35.7831      -1.90985    
  12.4510       36.0073      -1.74035    
  11.5006       36.2591      -1.56427    
  10.4504       36.7525      -1.37619    
  9.61838       37.0512      -1.48232    
  8.75072       37.5678      -1.92988    
  7.68029       38.0107      -2.01349    
  6.67209       37.8602      -2.41670    
  6.04281       37.8168      -3.25812    
  5.12940       38.0556      -3.94671    
  4.36952       38.3899      -4.59531    
  4.08803       39.2936      -5.13274    
  3.69209       39.8665      -6.06901    
  2.55488       39.8321      -6.26343    
  1.55500       40.6888      -6.25110    
 0.694877       40.7359      -6.46669    
 0.921895       39.7888      -6.65920    
  1.84255       40.1497      -6.87487    
  2.58359       40.5666      -6.44002    
  3.28551       39.9617      -5.82129    
  3.80714       39.0484      -5.57392    
  4.64170       38.8184      -5.01959    
  4.39997       38.8796      -4.01763    
  3.74020       38.0994      -4.03808    
  2.63835       37.6381      -3.75021    
  1.54593       37.4133      -3.75177    
 0.793677       36.9641      -3.33117    
-0.293002       36.7656      -3.35628    
 -1.19413       36.2881      -3.29436    
 -2.19639       36.4591      -3.06426    
 -3.40333       36.4092      -2.79950    
 -4.46955       36.4886      -2.97827    
 -5.48504       36.4949      -3.24238    
 -6.31267       36.8408      -2.85984    
 -7.33001       36.8857      -2.87549    
 -8.26947       36.9144      -3.30320    
 -9.17967       36.9769      -3.15763    
 -10.0992       37.1391      -2.83095    
 -10.7833       36.8188      -2.03731    
 -11.6513       36.6605      -1.60768    
 -12.6963       36.7227      -1.40557    
 -13.5736       36.3164      -1.85301    
 -14.4667       36.5185      -2.33419    
 -15.4973       36.7725      -2.42626    
 -16.5609       36.6092      -2.21993    
 -17.7365       36.5167      -2.43171    
 -18.6644       36.3445      -1.69512    
 -19.6153       35.9294      -1.67352    
 -20.6087       35.4204      -1.45872    
 -21.5598       35.8078      -1.26240    
 -22.2116       35.7104     -0.520489    
 -22.3034       34.6951     -0.165030    
 -22.6488       33.8999      0.499170    
 -22.9384       32.9481      0.687469    
 -23.7341       32.2878      0.542714    
 -24.4228       31.4384      0.728158    
 -25.0083       30.6901      0.824303    
 -25.5639       29.8150      0.502168    
 -26.2285       29.3748      0.175100    
 -27.2153       29.1753     -0.115907    
 -28.0599       28.6867     -0.252512    
 -28.6362       27.9947     -0.650025    
 -29.0835       27.1504     -0.894148    
 -30.0826       26.9608      -1.50527    
 -31.0381       26.5177      -1.81860    
 -31.9441       25.9101      -2.32800    
 -32.7872       25.2360      -2.34442    
 -33.4283       24.5838      -1.95253    
 -33.6530       23.6162      -1.83650    
 -32.7770       22.9611      -1.93922    
 -32.2090       22.6219      -1.11908    
 -32.2948       21.6120      -1.10269    
 -31.7263       20.7802      -1.20923    
 -31.6752       21.4763     -0.705487    
 -31.9706       22.1482      -1.50723    
 -32.9322       22.4933      -1.37800    
 -32.9429       23.6075      -1.54318    
 -33.4692       23.9122      -2.41098    
 -34.3973       23.4835      -2.57069    
 -34.9025       22.4802      -2.47394    
 -35.4835       21.6953      -2.35880    
 -36.2050       20.9621      -2.38595    
 -36.8834       20.1835      -2.13892    
 -37.2454       19.3122      -2.23208    
 -37.4209       18.3805      -2.29650    
 -37.7513       17.3680      -2.21215    
 -37.6867       16.3595      -2.25278    
 -37.9876       15.4777      -1.90604    
 -37.8634       14.4938      -1.62923    
 -38.2182       13.5096      -1.47225    
 -38.7149       12.4567      -1.47428    
 -39.2602       11.4763      -1.43773    
 -39.4486       10.5331      -1.37688    
 -39.6524       9.57482      -1.55231    
 -39.8749       8.46241      -2.03812    
 -39.8156       7.28643      -2.23370    
 -40.0070       6.25296      -2.42636    
 -40.4764       5.09419      -2.53877    
 -40.4557       4.11538      -2.53889    
 -40.3129       3.07367      -2.63216    
 -40.5204       2.03907      -2.92535    
 -41.1785       1.38444      -3.41415    
 -40.9540      0.520454      -3.50464    
 -40.8609     -0.713683      -3.83176    
 -40.5137      -1.76876      -3.77568    
 -40.3289      -2.85956      -3.36299    
 -40.2027      -3.87355      -3.05783    
 -40.2205      -5.00219      -2.91307    
 -40.2851      -5.95240      -2.90925    
 -39.6591      -6.59431      -2.45678    
 -39.0741      -7.45445      -2.49117    
 -38.7861      -8.40871      -2.82836    
 -38.1845      -9.06803      -3.28019    
 -37.8426      -9.95278      -3.56298    
 -37.5892      -10.8853      -3.68303    
 -37.3376      -11.8648      -3.75130    
 -37.6572      -13.0242      -3.64021    
 -37.1902      -13.8944      -3.17083    
 -36.4675      -14.0771      -2.59402    
 -35.9747      -14.7984      -2.00640    
 -35.3779      -15.7156      -2.01102    
 -34.3475      -15.8694      -1.94944    
 -33.7090      -16.3509      -2.64062    
 -33.4916      -17.4674      -3.06273    
 -33.6926      -18.4904      -3.39209    
 -33.5734      -19.2370      -2.76827    
 -33.4044      -19.9796      -2.28421    
 -32.6698      -20.0884      -1.85064    
 -31.9799      -20.9039      -1.82347    
 -31.3288      -21.7885      -1.71561    
 -30.5633      -22.5634      -1.45062    
 -29.8219      -23.0157      -1.29530    
 -29.1535      -23.4536      -1.84401    
 -28.8374      -24.4712      -1.65434    
 -28.3028      -25.5763      -1.65391    
 -28.1463      -26.5392      -2.06796    
 -27.5007      -27.3321      -2.29699    
 -26.8646      -28.4188      -2.13178    
 -26.3053      -29.4023      -2.23472    
 -25.6338      -30.1586      -2.13861    
 -24.8949      -30.8166      -2.18046    
 -24.0577      -31.2529      -1.79134    
 -23.0528      -31.7826      -1.75220    
 -21.9164      -32.0295      -1.60828    
 -20.9917      -32.2667      -1.05338    
 -19.9509      -32.3659     -0.827648    
 -19.1423      -33.0289     -0.717016    
 -18.2010      -33.3293     -0.593555    
 -17.2902      -33.4689     -0.367022    
 -16.2582      -33.9226     -0.744329    
 -15.2025      -34.2879     -0.970050    
 -14.1091      -34.5891     -0.944663    
 -13.4377      -35.3990     -0.808827    
 -12.5229      -35.7490     -0.472006    
 -11.7262      -35.0008     -0.562826    
 -12.1754      -34.3982      -1.42112    
 -12.7916      -33.4861      -1.13914    
 -12.2904      -32.4762     -0.738001    
 -13.1318      -32.0954     -0.632930    
 -13.4712      -33.1550     -0.611233    
 -13.4178      -33.4376      0.380803    
 -12.9172      -32.6782     -0.359269    
 -12.8574      -32.8240      -1.46044    
 -12.2250      -33.6489      -1.08378    
 -12.4758      -34.6549     -0.895526    
 -11.8002      -35.5057      -1.00593    
 -10.6887      -35.8582     -0.814458    
 -9.95896      -36.6318      -1.12875    
 -9.14668      -37.2027      -1.23277    
 -8.17250      -37.6648      -1.47252    
 -7.38854      -37.9835     -0.807306    
 -6.49015      -37.9410     -0.634954    
 -5.68225      -38.0390     -0.275728    
 -5.03600      -38.6259     -0.182332    
 -3.80836      -39.0195     -0.179293    
 -3.05698      -39.7251     -0.927524E-01
 -2.05904      -39.9605      0.408157    
 -1.24477      -39.7746      0.107550    
-0.307644      -38.9788      0.179638    
 0.863632      -38.5327     -0.227148E-01
  1.87744      -38.9736     -0.327764    
  2.82655      -39.3508     -0.527071    
  3.90275      -39.8123     -0.809860    
  4.92776      -39.7874      -1.16876    
  5.68017      -39.2521     -0.937178    
  6.39203      -38.6181      -1.06552    
  7.47288      -38.3093     -0.916360    
  8.65404      -38.5192      -1.06504    
  9.50724      -38.4693      -1.11275    
  10.3984      -37.9553      -1.31453    
  10.9513      -37.5305      -2.00578    
  11.9276      -37.1363      -2.40424    
  12.9079      -36.9605      -2.26372    
  13.9188      -37.3239      -2.11543    
  14.7874      -37.2069      -1.72695    
  15.7746      -37.0046      -1.90160    
  16.8158      -36.9805      -1.65268    
  17.7709      -36.4979      -1.55551    
  18.4871      -35.9027      -1.76698    
  19.5051      -35.4265      -1.63091    
  20.5181      -35.3903      -1.12131    
  21.3753      -34.4752      -1.10529    
  22.3776      -34.2652      -1.46245    
  23.2353      -34.0958      -1.98067    
  24.3034      -34.1791      -2.10948    
  25.1018      -33.5338      -1.84989    
  25.9676      -32.9668      -1.74819    
  26.6868      -33.1199      -2.51884    
  27.6281      -33.2581      -2.75072    
  28.5863      -33.0205      -2.68075    
  29.3581      -32.9995      -2.20100    
  30.3547      -33.4654      -1.69193    
  30.9672      -33.1942     -0.999777    
  31.8825      -32.4813     -0.740749    
  32.4682      -31.8346      0.308938E-01
  33.2795      -31.3180      0.675314E-01
  33.5747      -30.5475      0.477406    
  34.2198      -29.8160      0.756565    
  34.9522      -29.2742      0.795561    
  35.7404      -28.6657      0.742747    
  36.3901      -27.8144      0.657568    
  37.2037      -26.9091      0.511711    
  37.0985      -25.9170      0.837217    
  37.0596      -24.9741      0.556881    
  37.0856      -24.0491      0.387635E-01
  37.6824      -23.2350     -0.968082E-01
  38.4986      -22.5064     -0.520133    
  39.1557      -21.5678     -0.653025    
  39.6132      -20.5305     -0.361436    
  40.0573      -19.5690     -0.210074    
  40.2502      -18.3965     -0.211619    
  40.7515      -17.4618      0.130423    
  41.6639      -16.9806     -0.574757E-01
  41.5717      -16.3230      0.628285    
  41.3837      -15.3093      0.405506    
  41.4573      -14.5432      0.125569    
  42.2113      -13.7338      0.167701    
  43.0161      -13.3768      0.781820    
  43.5121      -12.4987      0.786911    
  43.7244      -11.5859       1.47986    
  44.2794      -10.7610       1.81969    
  44.5585      -9.85682       1.91172    
  44.9097      -9.05346       1.79688    
  44.9435      -8.20039       2.11790    
  45.1126      -7.03419       1.92787    
  45.3064      -5.92669       1.99588    
  45.3769      -4.68598       2.22370    
  45.3501      -3.73333       2.46053    
  44.9991      -2.67796       2.51276    
  44.7829      -1.41560       2.14240    
  44.9092     -0.302222       1.76509    
  45.1078      0.691433       1.62441    
  45.5379       1.54024       1.80223    
  46.4542       2.14455       1.93800    
