  46.7475       1.53786       1.97149    
  47.1354       2.46968       1.39828    
  46.7736       3.03823       2.16111    
  46.3746       2.21049       1.87932    
  46.4131       1.11024       1.48176    
  45.7349      0.454933       1.86959    
  44.9798      0.716770       2.62296    
  44.3836       1.39171       2.28275    
  43.8518       2.24326       2.35367    
  43.5464       3.21929       2.33967    
  42.9173       3.96896       2.12904    
  42.8265       4.82767       2.15257    
  42.1772       5.66213       2.63540    
  42.1346       6.76453       2.77674    
  42.2701       7.78016       3.13092    
  42.3091       8.87616       3.38980    
  42.0270       9.84309       3.73223    
  41.3635       10.2922       3.21366    
  41.1266       11.0354       2.41996    
  40.6403       11.8734       2.31189    
  40.1009       12.9242       2.10199    
  39.1646       13.5533       2.27752    
  37.9674       13.7813       2.34927    
  37.2279       14.6020       1.97134    
  36.5935       15.6053       1.72065    
  35.8217       16.2435       1.40219    
  35.0041       16.9731       1.60104    
  34.3788       17.6313       1.60776    
  33.5999       18.5208       1.38219    
  32.9931       19.2835      0.865019    
  32.6769       20.4285      0.660276    
  32.0493       21.1823      0.221711    
  32.0437       22.1380     -0.117044E-02
  32.2249       23.1229      0.141677    
  31.6183       23.7546      0.326753    
  30.9066       24.5794      0.471090E-01
  30.2105       25.2316     -0.414193    
  29.6061       25.9297     -0.332151    
  28.8106       26.5207     -0.265793    
  27.8284       27.0475     -0.614136    
  27.0438       27.6895     -0.743450    
  26.2900       28.0750     -0.629186    
  25.2153       28.3202     -0.646366    
  24.0743       28.5688     -0.927381    
  23.2185       29.1083      -1.26296    
  22.6590       29.7293      -1.27579    
  21.5799       30.0511      -1.17839    
  20.7509       30.5312      -1.11878    
  19.9043       31.3460      -1.00147    
  19.0666       32.1353      -1.08121    
  18.1782       32.5779     -0.951366    
  17.3047       33.1922      -1.05620    
  16.5615       33.5009      -1.77553    
  15.8679       34.3620      -2.10592    
  14.8318       34.7334      -2.36261    
  14.0338       35.4081      -2.44571    
  13.1246       36.0484      -2.31424    
  12.2381       36.2398      -2.25291    
  11.3152       36.7217      -2.27677    
  10.4596       37.0040      -2.53920    
  9.51423       37.5153      -1.97722    
  8.61406       37.2218      -1.91902    
  7.67667       37.2970      -2.54079    
  6.76917       37.4408      -2.90385    
  5.80557       37.4351      -3.06686    
  5.01389       37.5594      -3.75149    
  4.41413       38.3589      -4.20085    
  3.72681       39.0049      -4.86783    
  3.59007       39.2056      -5.92767    
  2.68181       39.7005      -6.34819    
  2.30866       40.7271      -5.99673    
  1.76684       41.5309      -6.04929    
  2.02698       41.3058      -6.86382    
  2.78656       40.6409      -6.66245    
  3.02212       40.0969      -5.80709    
  3.19124       38.9547      -5.56197    
  3.82215       38.3843      -4.97196    
  4.88487       38.5182      -4.48903    
  5.21683       38.1319      -3.63172    
  4.39858       37.5607      -3.34087    
  3.29130       37.1038      -3.06429    
  2.20080       37.3290      -2.96041    
  1.06326       37.0737      -3.37609    
 0.992107E-02   36.9605      -3.86673    
-0.771479       37.0466      -4.14769    
 -1.73612       36.6825      -4.24708    
 -2.80138       36.6617      -4.13749    
 -3.81312       37.0030      -3.95223    
 -4.75159       36.8345      -3.67856    
 -5.91038       36.6816      -3.68766    
 -6.77092       36.9027      -3.60383    
 -7.90798       36.9258      -3.68920    
 -8.80874       37.2325      -3.46823    
 -9.60383       37.0993      -2.91539    
 -10.5721       37.0813      -2.57312    
 -11.5676       36.5668      -2.41343    
 -12.6017       36.6021      -2.23973    
 -13.5612       36.7386      -2.12295    
 -14.5457       37.1364      -2.10347    
 -15.4001       37.3347      -1.64571    
 -16.3138       37.3163      -1.76692    
 -17.2872       37.1385      -1.64110    
 -18.1879       36.4888      -1.56036    
 -18.6568       35.6460      -1.03883    
 -19.6181       35.5003     -0.900891    
 -20.5353       35.7909     -0.794992    
 -21.4451       35.7596     -0.484743    
 -22.2003       35.3080      0.130289    
 -22.5549       34.3682      0.402796    
 -22.9664       33.3664      0.360895    
 -23.0742       32.2437      0.610223    
 -23.7350       31.3740      0.238793    
 -24.1941       30.5936     -0.111454    
 -24.8541       29.6384     -0.735381E-01
 -25.3887       28.7025     -0.361315    
 -26.0860       28.2091     -0.383243    
 -27.0797       27.8329     -0.243216    
 -27.9591       27.5463     -0.561514    
 -28.8711       26.8511     -0.978896    
 -29.6173       26.1518      -1.34153    
 -30.6424       26.0498      -1.45952    
 -31.6481       25.4344      -1.17432    
 -32.3115       24.8126      -1.87305    
 -33.0587       24.0292      -2.21538    
 -33.3143       23.0663      -2.08618    
 -32.5384       22.6456      -1.82039    
 -32.2685       22.4697     -0.835872    
 -32.4935       21.5271     -0.358071    
 -31.5031       21.1644     -0.212847    
 -31.6943       21.6915     -0.923477    
 -32.5086       21.8269      -1.25255    
 -32.9294       22.8303      -1.40142    
 -32.4955       23.4361      -2.04562    
 -32.9267       23.8945      -2.78176    
 -34.0421       24.0039      -2.43707    
 -34.8043       23.0616      -1.80410    
 -35.3535       22.2089      -2.47630    
 -36.0004       21.3462      -2.41101    
 -35.8534       20.3706      -2.28061    
 -35.9185       19.2648      -2.18413    
 -36.1980       18.2556      -1.93743    
 -36.7614       17.2542      -1.57112    
 -37.2561       16.3027      -1.88312    
 -37.1451       15.0301      -1.89641    
 -37.4109       14.0156      -1.71943    
 -37.6417       13.0819      -1.44746    
 -38.0636       12.1214      -1.55418    
 -38.5665       11.1404      -1.77042    
 -39.2957       10.4763      -1.89452    
 -39.7136       9.62816      -2.15640    
 -40.3039       8.87028      -2.26392    
 -40.5040       7.82394      -2.31631    
 -40.5821       6.80778      -1.90929    
 -40.5794       5.58807      -1.43313    
 -40.3330       4.50765      -1.43975    
 -40.2281       3.56166      -1.46483    
 -39.8610       2.47570      -1.84352    
 -39.6224       1.43165      -2.38335    
 -39.6286      0.751368      -2.85752    
 -40.0917     -0.189026      -3.16992    
 -40.4864      -1.21672      -3.06914    
 -40.4367      -2.08527      -2.59737    
 -40.0889      -3.02969      -2.31197    
 -40.0556      -4.04129      -2.30016    
 -39.6367      -5.03680      -2.74841    
 -39.4620      -6.18519      -2.66420    
 -38.4453      -6.90495      -2.74720    
 -37.7793      -7.61187      -3.11086    
 -37.1997      -8.09798      -3.79355    
 -36.6967      -9.10503      -4.36139    
 -36.5332      -10.2289      -4.40545    
 -36.7648      -11.3014      -4.57954    
 -36.9976      -12.1509      -3.99439    
 -36.6034      -12.9969      -3.57292    
 -35.9576      -13.6621      -3.08405    
 -35.1311      -14.3272      -2.88046    
 -34.5811      -15.0771      -2.92429    
 -33.9014      -15.8906      -2.69164    
 -33.1567      -16.5303      -3.17103    
 -33.1342      -17.4979      -3.62953    
 -32.8809      -18.3857      -3.95440    
 -32.9243      -19.2286      -3.70208    
 -32.2580      -19.9333      -3.28048    
 -32.0634      -20.9425      -2.80275    
 -31.7317      -21.5076      -1.98508    
 -31.1567      -21.8972      -1.23664    
 -30.3912      -22.4051     -0.473694    
 -29.5127      -22.7940     -0.613061    
 -28.7474      -23.5013     -0.708770    
 -28.1204      -24.1309      -1.02466    
 -27.4591      -25.0422      -1.46963    
 -26.9194      -25.8181      -1.89346    
 -26.7486      -26.8124      -2.61786    
 -26.6027      -27.8718      -2.84908    
 -25.9623      -28.6867      -2.37537    
 -24.9924      -29.3027      -2.21760    
 -24.4656      -30.1088      -2.16743    
 -23.6868      -31.0250      -2.23195    
 -22.6883      -31.2966      -1.98455    
 -21.6891      -31.4054      -1.79377    
 -20.5900      -31.6954      -1.97738    
 -19.9530      -32.3328      -1.51242    
 -18.7711      -32.6739      -1.17943    
 -17.8703      -33.1272      -1.18598    
 -16.8744      -33.3118      -1.02886    
 -15.9071      -33.7396     -0.890817    
 -14.8638      -34.2831     -0.907745    
 -14.0560      -34.8745     -0.990951    
 -12.9716      -35.3459     -0.890931    
 -11.9055      -35.0164     -0.688443    
 -11.6482      -34.1882      -1.32702    
 -12.0752      -33.2495      -1.53839    
 -12.6057      -32.7887     -0.769570    
 -13.1971      -32.0482     -0.872677    
 -13.9095      -31.6731      -1.44357    
 -14.9499      -32.1947      -1.10301    
 -15.0512      -31.8774     -0.190069    
 -14.1115      -32.0756     -0.979054    
 -13.1664      -32.6005      -1.23615    
 -11.9313      -32.7169      -1.07950    
 -12.1980      -33.7888      -1.05633    
 -12.0900      -34.7807      -1.42646    
 -11.3005      -35.6177      -1.51442    
 -10.5073      -36.3269      -1.29814    
 -9.57283      -36.8449     -0.899854    
 -8.52597      -37.2410     -0.945353    
 -7.50280      -37.6366     -0.695100    
 -6.47247      -37.9421     -0.740631    
 -5.43327      -38.3275     -0.511012    
 -4.53398      -38.7258     -0.378606    
 -3.70848      -39.2541     -0.381220    
 -2.77420      -39.6104     -0.548241E-01
 -1.86835      -39.5654      0.611514    
-0.937889      -39.1367      0.426486    
 0.283652E-01  -38.6123      0.809605E-01
 0.974441      -38.9051     -0.236797    
  1.75289      -39.1856     -0.582805    
  2.81961      -39.0577     -0.752004    
  4.00046      -38.9949      -1.17739    
  4.97004      -38.7328      -1.09084    
  5.79797      -38.3616     -0.997006    
  6.96363      -38.0347     -0.943664    
  7.75060      -37.5163      -1.13929    
  8.58693      -36.8726      -1.23328    
  9.52876      -36.5711      -1.58897    
  10.4966      -36.6881      -2.20897    
  11.4734      -36.6781      -2.65369    
  12.5109      -36.7700      -2.82646    
  13.5166      -36.5053      -2.75842    
  14.2267      -36.7381      -2.80448    
  15.1665      -37.0720      -3.06251    
  16.0659      -37.2646      -3.03086    
  16.9049      -36.8602      -2.88348    
  17.7837      -36.3266      -2.66380    
  18.6528      -35.5893      -2.57295    
  19.4091      -35.2827      -2.12127    
  20.1240      -34.8081      -1.54976    
  21.0489      -34.6813      -1.46173    
  21.9819      -34.3777      -1.62494    
  23.0336      -33.9142      -1.64138    
  23.9612      -33.7403      -2.13777    
  25.0098      -34.1979      -2.23541    
  26.0299      -34.0898      -2.48889    
  26.9820      -33.8490      -2.41541    
  27.6597      -33.0906      -2.24994    
  28.4937      -32.9209      -2.83298    
  29.3328      -33.1104      -2.81816    
  30.1087      -33.2488      -2.36800    
  30.9686      -33.2430      -1.83303    
  31.7692      -32.5969      -1.36761    
  32.5420      -31.9420      -1.24460    
  33.3382      -31.0749      -1.16300    
  34.1386      -30.0559      -1.23062    
  34.9389      -29.4226      -1.14539    
  35.5755      -28.7367      -1.21567    
  36.5180      -28.0797     -0.875364    
  36.7956      -27.4713     -0.353492    
  37.0432      -26.6784      0.253095    
  36.8668      -25.6955      0.807946E-01
  37.2156      -24.8817     -0.200429    
  37.7904      -23.8911     -0.123027    
  38.5519      -23.1514     -0.162240    
  38.9653      -22.2705     -0.458411    
  38.8453      -21.2255     -0.423267    
  39.4018      -20.3147     -0.715568    
  40.5201      -20.0747     -0.835541    
  41.1027      -19.4852     -0.493578    
  41.5708      -18.8083      0.458197E-01
  41.5280      -17.6857      0.373396    
  41.4337      -16.6693      0.752511    
  41.6464      -15.7303      0.529232    
  42.3196      -14.9747      0.475103    
  42.5031      -13.9549      0.527396    
  42.5389      -12.9193      0.492918    
  43.0111      -12.0568      0.437269    
  43.8442      -11.3962      0.645098    
  44.1128      -10.4917       1.11502    
  44.6235      -9.54316       1.50967    
  45.1661      -8.92278       2.12896    
  45.3920      -7.97788       2.50727    
  45.4014      -6.87919       2.28785    
  45.3073      -6.00043       2.30408    
  45.3249      -4.95113       2.24761    
  45.1816      -3.81546       2.67973    
  44.9704      -2.94368       2.40291    
  44.7817      -1.98142       2.49932    
  44.2959      -1.14249       2.44493    
  44.2777     -0.182728       2.04427    
  44.7964      0.549998       1.75377    
  45.8162       1.17520       1.88336    
