  44.4479       1.82058       2.98422    
  45.3697       2.38463       2.84771    
  45.2568       3.21774       2.02762    
  45.5935       3.72734       2.77946    
  45.0070       2.79727       2.76485    
  44.8030       1.73606       2.37303    
  44.1291      0.976342       2.77210    
  43.2029       1.22150       1.89837    
  43.0094       2.22006       1.53919    
  43.0244       3.28836       1.16163    
  42.9032       4.31840       1.23823    
  42.6210       5.43758       1.70879    
  42.0546       6.12708       2.22822    
  41.2200       6.87920       2.61064    
  40.7553       7.83966       3.04834    
  40.2254       8.78345       3.21716    
  39.2403       9.32666       3.42661    
  38.5782       9.96604       3.30953    
  37.8101       10.6607       3.06976    
  37.4166       11.5913       2.84948    
  37.4745       12.8770       2.61504    
  37.2771       13.7943       3.24045    
  36.8242       14.6965       3.26649    
  36.1560       15.4238       2.63134    
  35.7303       16.3858       2.42390    
  35.1309       17.1262       2.14699    
  34.7233       17.9116       2.00773    
  34.5004       18.6717       2.11920    
  34.0383       19.6312       1.80756    
  33.4859       20.4627       1.78665    
  32.7485       21.1968       1.36956    
  32.1392       21.7229      0.812309    
  31.9683       22.4059     -0.154041    
  31.1175       23.0968     -0.523302    
  31.2077       24.0958     -0.881997    
  30.5586       24.9161     -0.489610    
  29.9016       25.8112     -0.556544    
  29.1624       26.3125     -0.527988E-01
  28.2613       26.9044     -0.194389E-01
  27.2139       26.9817     -0.716423    
  26.2166       27.3864     -0.929645    
  25.5394       27.8387      -1.42560    
  24.8396       28.4507      -1.56503    
  23.9483       28.9858      -1.40730    
  23.1555       29.2936      -1.37286    
  22.3719       29.9323      -1.53998    
  21.8667       30.8510      -1.58853    
  20.7532       30.9974      -1.64126    
  19.9886       31.6595      -2.05116    
  19.1935       32.1750      -2.05722    
  18.2602       32.6714      -2.05676    
  17.3630       33.1473      -1.43201    
  16.3369       33.3522      -1.66558    
  15.2684       33.4813      -1.78621    
  14.4390       34.0499      -2.06488    
  13.6710       34.6583      -1.83112    
  12.7460       35.0709      -2.06566    
  12.2177       35.8141      -2.26662    
  11.4124       36.4490      -2.33062    
  10.4530       36.7037      -2.75552    
  9.65538       36.9486      -3.39625    
  8.79779       37.4792      -3.30732    
  7.86374       37.4994      -2.79474    
  7.12063       36.8795      -2.83063    
  6.10533       36.5409      -2.65647    
  4.97219       36.6353      -3.21613    
  4.39819       37.3284      -3.98629    
  4.42838       38.0626      -4.56803    
  4.12870       38.5405      -5.52472    
  3.06303       38.9232      -5.81421    
  2.72690       39.7540      -5.95992    
  2.99725       40.7200      -6.41149    
  3.21213       40.5184      -7.39584    
  2.78099       39.7624      -6.82448    
  3.34793       39.6878      -5.96623    
  3.50969       38.8884      -5.07324    
  3.71489       37.9830      -5.00157    
  4.67165       37.6906      -4.75077    
  5.24791       37.4373      -3.89581    
  4.77426       37.0934      -2.97286    
  3.62264       36.6889      -2.87494    
  2.79989       36.7286      -2.98836    
  1.84299       37.1185      -3.31663    
 0.724297       37.2712      -3.14366    
-0.333598E-01   37.6420      -2.74064    
 -1.10977       37.4717      -2.29665    
 -2.39645       37.3584      -2.19686    
 -3.51958       37.2871      -2.25052    
 -4.56605       37.0142      -2.44035    
 -5.69559       36.7456      -2.69423    
 -6.62145       36.5138      -3.02663    
 -7.51282       37.1160      -3.65216    
 -8.77761       37.3009      -3.82314    
 -9.78183       37.3657      -3.46290    
 -10.9102       37.7782      -3.41776    
 -11.8736       38.0942      -3.38814    
 -12.9372       38.3126      -3.36475    
 -13.9868       38.6950      -3.13835    
 -14.7554       38.7062      -2.18610    
 -15.5293       38.6612      -1.64562    
 -16.3141       37.9668      -1.32979    
 -17.2148       37.5376      -1.04965    
 -18.1157       37.2996     -0.321724    
 -19.0541       37.0052     -0.282607    
 -19.8625       36.3885     -0.453628    
 -20.6407       35.6698     -0.142695    
 -21.5940       35.2885      0.151509    
 -22.2908       34.4873      0.202182    
 -22.2541       33.3409      0.429902    
 -22.8334       32.5394      0.104724    
 -23.2698       31.8174      0.315149    
 -24.2110       31.3829      0.112908    
 -25.0557       30.7061      0.478112    
 -25.7406       29.8476      0.707734    
 -26.4258       28.9531      0.382076    
 -26.9804       28.1859     -0.105417    
 -27.8972       27.8255     -0.249144    
 -28.8838       27.1363     -0.176577    
 -29.3261       26.5761     -0.667475    
 -29.9264       26.1675      -1.46343    
 -30.8796       26.1032      -1.89496    
 -31.8402       25.5252      -2.61356    
 -33.0564       24.9326      -2.42750    
 -33.3893       24.0362      -1.93453    
 -32.7720       23.2807      -1.46584    
 -31.7256       22.8316      -1.09813    
 -31.5997       22.2091     -0.390127    
 -32.2883       21.3370     -0.214024    
 -32.7697       20.5163     -0.116874    
 -32.0116       20.7683      0.431873    
 -31.6636       21.4424     -0.410549    
 -32.0885       22.2705     -0.910998    
 -32.2040       23.3445     -0.846867    
 -32.5553       23.7422      -1.94377    
 -33.1730       23.8503      -2.75705    
 -34.1037       23.3606      -3.17436    
 -34.7616       22.7684      -2.59551    
 -35.3472       21.9087      -2.10507    
 -36.2323       20.9800      -2.12295    
 -36.1036       19.8496      -1.96419    
 -36.3679       18.7104      -1.98840    
 -36.4233       17.6587      -1.81904    
 -36.4485       16.7983      -1.38194    
 -36.2782       15.6254      -1.61925    
 -35.9402       14.6331      -2.06376    
 -36.5792       13.8213      -2.31288    
 -37.0689       12.7845      -2.28330    
 -37.6017       11.7931      -2.17698    
 -38.1763       10.8576      -2.16560    
 -38.5628       9.82666      -1.61880    
 -38.7478       8.84403      -1.71857    
 -39.3445       7.95546      -1.78778    
 -39.6788       6.85569      -1.61605    
 -40.0084       6.26397     -0.801709    
 -39.6902       5.44761     -0.342109    
 -39.8202       4.28199     -0.241446    
 -39.9560       3.40901     -0.822807    
 -40.0165       2.55389      -1.12330    
 -40.1857       1.86706      -1.79579    
 -40.3031       1.06011      -2.62278    
 -39.9816      0.332808E-01  -2.70957    
 -40.1694     -0.986782      -2.54975    
 -39.6915      -1.90369      -2.54780    
 -38.9608      -2.87882      -2.70395    
 -38.6036      -3.76737      -3.04235    
 -38.2336      -4.60555      -2.92623    
 -37.9979      -5.45891      -2.81251    
 -37.4182      -6.41348      -2.74244    
 -36.5654      -6.97262      -2.89996    
 -36.5113      -7.98863      -3.32914    
 -36.3985      -8.69801      -4.03051    
 -36.2027      -9.61618      -4.17074    
 -35.9692      -10.5452      -4.31635    
 -35.7325      -11.5429      -4.06394    
 -35.5664      -12.4889      -3.68198    
 -35.0753      -13.1874      -3.72196    
 -35.0854      -14.2089      -3.56253    
 -34.6773      -15.1536      -3.61746    
 -33.8931      -15.7820      -3.53897    
 -33.1478      -16.4458      -3.74725    
 -32.7161      -17.2979      -3.68439    
 -32.0489      -18.2743      -3.53710    
 -31.3200      -19.1734      -3.42577    
 -31.2108      -20.0910      -2.92375    
 -31.0093      -20.9369      -2.84346    
 -30.4228      -21.6119      -2.71356    
 -29.6998      -22.3162      -2.70462    
 -29.1346      -23.2940      -2.42906    
 -28.9328      -24.3812      -2.42165    
 -28.2310      -24.8963      -1.96409    
 -27.3595      -25.4154      -1.89359    
 -26.7860      -26.4032      -2.05325    
 -26.4479      -27.4111      -2.01162    
 -26.0137      -28.1073      -2.09020    
 -25.1777      -28.7505      -1.98268    
 -24.2965      -29.4642      -1.86430    
 -24.0245      -30.5037      -1.95482    
 -23.4643      -31.2066      -2.09502    
 -22.6738      -31.6279      -2.24457    
 -21.7990      -31.4811      -2.42050    
 -20.8293      -31.5833      -2.52069    
 -19.7464      -31.7698      -2.28340    
 -18.8052      -32.0605      -2.32150    
 -17.7780      -32.4355      -1.87904    
 -16.8062      -32.9742      -1.60575    
 -15.9937      -33.5426      -1.65495    
 -15.2129      -33.9300      -1.07848    
 -14.2915      -34.0512     -0.816570    
 -13.3828      -33.8937      -1.17117    
 -13.0234      -33.4207      -1.93654    
 -13.6242      -32.6038      -2.01431    
 -13.9761      -32.0917      -1.46462    
 -13.3974      -31.2695     -0.941200    
 -13.6902      -30.5131      -1.57957    
 -14.7577      -30.8174      -1.70391    
 -15.6946      -30.8929      -1.11018    
 -15.1237      -30.2730      -1.43695    
 -14.2530      -30.7852      -1.15587    
 -13.4324      -31.5138      -1.43475    
 -13.4082      -32.6036      -1.40873    
 -13.5513      -33.5432      -1.67425    
 -12.9439      -34.3470      -1.99730    
 -12.0521      -35.1815      -2.08272    
 -11.1965      -35.7744      -2.00850    
 -10.3633      -36.3816      -1.49738    
 -9.98019      -37.2952     -0.796080    
 -8.91431      -37.6189     -0.693846    
 -8.02334      -38.1805     -0.617247    
 -7.00385      -38.4290     -0.609297    
 -6.10318      -38.5425     -0.298437    
 -5.01333      -38.4680     -0.588665E-01
 -4.03621      -38.1300      0.198377    
 -3.09102      -37.8139      0.253894    
 -2.03513      -37.5197      0.436181    
-0.948556      -37.4143      0.871301E-01
 0.108130      -37.5380     -0.284934    
  1.08486      -37.3711     -0.473877    
  2.02693      -37.5131     -0.632029    
  3.14573      -37.7835     -0.896836    
  4.38354      -37.6092      -1.25006    
  5.46060      -37.5177      -1.34416    
  6.35726      -37.3818      -1.43441    
  7.33835      -36.7486      -1.57893    
  8.03682      -36.0073      -2.14567    
  8.64310      -35.6111      -2.98777    
  9.71284      -36.1603      -3.17977    
  10.8854      -35.8689      -3.22381    
  11.8714      -36.1996      -3.09207    
  12.9657      -36.0027      -3.55243    
  14.0388      -36.1968      -3.73921    
  15.1326      -36.6213      -3.38690    
  16.3234      -36.8801      -3.21679    
  17.3224      -36.5638      -2.96770    
  18.4399      -36.2937      -2.92779    
  19.4961      -35.9431      -2.48420    
  20.6456      -35.5156      -2.72061    
  21.6013      -35.2772      -2.42496    
  22.4723      -34.7737      -2.15403    
  23.4161      -34.1420      -1.71813    
  24.1248      -33.4137      -1.81165    
  24.8378      -32.8686      -1.73400    
  25.6995      -32.5316      -1.97487    
  26.6021      -32.8184      -1.84205    
  27.5333      -32.6919      -2.29386    
  28.7043      -32.4066      -2.28272    
  29.6765      -32.1818      -2.72720    
  30.6867      -32.2885      -3.01606    
  31.5436      -32.0941      -2.64470    
  32.1518      -32.3235      -1.86223    
  31.8724      -32.0435     -0.930918    
  31.9472      -31.0698     -0.433847    
  32.5048      -30.1203     -0.736787    
  32.9462      -29.3580     -0.445821    
  33.5177      -28.7084     -0.384669    
  34.2193      -27.9929     -0.250049    
  35.1594      -27.5583     -0.219522    
  35.5745      -26.7966      0.362876    
  35.9877      -25.9159      0.808095    
  36.5321      -25.0461      0.660970    
  37.2954      -24.5718      0.427697    
  38.1034      -24.0090      0.131787    
  38.5116      -22.9051     -0.239713E-01
  38.9170      -22.2161     -0.393814    
  39.1988      -21.1655     -0.503130    
  39.7533      -20.1222     -0.471375    
  40.4790      -19.7386      0.344915E-01
  40.9245      -18.8938      0.649068    
  41.1509      -18.0271      0.654075    
  41.6661      -17.2029      0.617560    
  41.8375      -16.1529      0.364492    
  41.5989      -15.0719      0.255042    
  41.5343      -13.9940      0.209643    
  42.0231      -13.0894     -0.389957E-01
  42.9425      -12.5503      0.269659E-01
  43.6202      -11.7095     -0.427157E-02
  44.4040      -10.9899      0.290060    
  45.1505      -10.2029      0.699386    
  44.8475      -9.28147       1.04070    
  44.8700      -8.38920       1.40758    
  44.9022      -7.82118       2.28705    
  44.9100      -6.92298       2.87585    
  44.8579      -5.82645       2.78688    
  44.8365      -4.86264       2.70871    
  45.0263      -3.95600       2.57501    
  44.7504      -2.96377       2.97516    
  44.8236      -2.05394       2.60099    
  44.4066      -1.18135       3.03220    
  44.0307     -0.405453       2.95261    
  44.1254      0.535004       2.33876    
  43.9979       1.40746       2.21021    
