  43.6436       3.91025       2.08019    
  42.9946       4.56502       2.58986    
  43.5470       4.86381       3.19617    
  43.7442       3.91273       3.02700    
  43.2812       3.43432       2.27681    
  43.6957       2.91849       1.66651    
  44.4715       2.28775       1.73230    
  44.1170       1.62025       2.17782    
  43.2095       1.89282       2.65895    
  42.4889       2.62660       2.38073    
  42.0162       3.52407       2.43015    
  41.7722       4.57146       2.16012    
  41.6851       5.50307       2.04497    
  41.2571       6.48141       1.98541    
  40.3735       7.36813       1.90855    
  39.7581       8.12321       1.96780    
  39.0334       9.09302       2.27836    
  38.5791       9.97201       2.51270    
  38.2750       10.8867       2.94355    
  37.3745       11.5536       3.24213    
  36.6733       12.1959       3.14390    
  36.2991       12.8118       2.46465    
  35.8221       13.6154       2.38637    
  35.5865       14.4131       2.03809    
  35.1880       15.5925       2.29299    
  35.1614       16.5510       2.27228    
  34.9140       17.3552       2.18860    
  34.4671       18.2445       2.03200    
  33.9440       18.9453       2.21222    
  33.3805       19.9179       1.95549    
  32.9397       20.8372       2.08994    
  32.6121       21.8661       1.65655    
  31.9278       22.4425       1.32107    
  31.3620       23.2445      0.821158    
  30.2518       23.6470      0.370778    
  29.6071       24.4388     -0.240994E-01
  29.8326       25.3687     -0.152520    
  29.1625       26.1587     -0.182284    
  28.5117       27.0103     -0.202560    
  27.9261       27.8487     -0.560195    
  27.2574       28.6263     -0.750397    
  26.6395       29.3620     -0.277167    
  25.6568       29.7554      0.234963    
  24.8162       30.2690      0.400573    
  23.8172       30.5216     -0.591805E-01
  23.1712       30.7621     -0.799104    
  22.1991       30.9650     -0.980365    
  21.1944       31.4666      -1.26876    
  20.0412       31.7109      -1.49609    
  18.9407       31.8363      -1.95729    
  18.0663       32.3725      -1.78930    
  17.1167       32.9656      -1.43183    
  16.2961       33.5591      -1.76093    
  15.5706       34.4207      -1.86242    
  14.8727       35.2453      -2.34505    
  14.1597       35.7542      -2.20216    
  12.9620       35.8209      -2.55591    
  12.2286       35.9212      -3.13002    
  11.2066       36.3343      -3.07555    
  10.1089       36.2669      -2.87122    
  9.10135       36.3549      -2.79503    
  8.06027       36.4540      -2.77134    
  7.03535       36.4542      -2.69146    
  6.07807       36.6833      -2.61893    
  5.03234       37.0364      -2.68867    
  4.26120       37.2189      -3.58272    
  4.53865       37.8896      -4.36347    
  5.24494       38.0214      -5.29142    
  4.51077       38.3222      -5.90971    
  4.12655       39.3407      -5.82298    
  4.08969       40.3379      -6.35972    
  4.60376       41.3171      -6.49488    
  4.30555       41.1188      -5.53548    
  3.60670       40.4184      -5.93852    
  3.69654       39.5437      -6.36191    
  4.61723       39.3117      -6.33295    
  4.84607       38.6636      -5.39260    
  4.72174       37.6728      -5.09211    
  4.93537       37.6258      -4.12273    
  4.30182       38.0058      -3.18818    
  3.27654       37.7299      -3.31880    
  2.36351       37.8078      -3.54514    
  1.34694       37.8101      -3.60044    
 0.372650       37.5745      -4.07836    
-0.624778       38.3801      -4.02755    
 -1.48532       38.9715      -3.56761    
 -2.36472       39.1015      -3.33123    
 -3.14427       39.1749      -3.07937    
 -4.19507       39.4275      -3.30678    
 -5.00709       39.0212      -2.99376    
 -5.97337       38.4153      -2.98721    
 -6.85832       38.0726      -3.49615    
 -7.85857       38.5130      -3.64624    
 -9.00837       38.5937      -3.29147    
 -10.0692       38.8187      -2.86470    
 -11.0813       39.1150      -2.97643    
 -12.0324       39.2163      -2.79627    
 -12.7518       38.7993      -2.61065    
 -13.6129       38.5725      -2.21414    
 -14.7244       38.4662      -2.33998    
 -15.7144       38.3433      -2.32700    
 -16.5883       37.8398      -1.83009    
 -17.3864       37.2582      -1.49074    
 -18.1140       36.6049     -0.855242    
 -18.9628       36.0606     -0.499853    
 -19.7612       35.5568     -0.591411    
 -20.6611       35.3656     -0.268027    
 -21.7160       34.9420     -0.451598    
 -22.6948       34.5247     -0.562264    
 -23.6743       34.2443     -0.451914    
 -24.3361       33.5283     -0.344586    
 -24.6087       32.6016     -0.131082    
 -24.9377       31.7938     -0.384382    
 -25.8562       31.3190     -0.323262E-01
 -26.4051       30.5846      0.289855E-01
 -26.8889       29.5138      0.141617    
 -27.0917       28.5389      0.307381    
 -27.7223       27.8588     -0.220608    
 -28.8397       27.0530     -0.671248    
 -29.8384       26.6830     -0.555942    
 -30.8040       26.2316     -0.653134    
 -31.4855       25.5174     -0.663179    
 -32.3061       25.0256     -0.278097    
 -32.5410       23.9720     -0.380044    
 -31.4936       23.6831     -0.653670    
 -30.9190       23.0388     -0.193336    
 -31.5462       22.3861      0.158429    
 -32.0145       21.6617     -0.493261    
 -32.3832       20.5922     -0.862240E-01
 -32.3860       21.2215      0.538266    
 -31.4216       21.5036     -0.933257E-01
 -31.5465       22.3894     -0.482725    
 -31.7834       23.4070     -0.739852E-01
 -31.8797       24.3416     -0.323099    
 -32.6486       23.9563     -0.967784    
 -33.2627       23.0629      -1.38037    
 -33.1691       21.8977      -1.38424    
 -33.3127       21.0588      -1.88977    
 -33.3536       20.0495      -2.22600    
 -33.9691       19.2176      -2.23205    
 -34.2814       18.2889      -2.34498    
 -34.7625       17.2828      -1.93122    
 -35.1262       16.3141      -1.84951    
 -35.8289       15.5162      -1.89003    
 -36.1131       14.3888      -1.61708    
 -36.3101       13.3405      -1.97859    
 -37.0491       12.6873      -1.91476    
 -37.5327       11.7358      -1.68033    
 -37.2310       10.6078      -1.60340    
 -37.7514       9.78938      -2.16976    
 -38.6797       9.28463      -2.45163    
 -39.2558       8.54003      -1.91868    
 -39.4896       7.51129      -2.10388    
 -39.1148       6.55118      -2.16470    
 -38.9343       5.66249      -2.29564    
 -38.9879       4.75441      -2.67397    
 -39.3458       3.84129      -2.83835    
 -38.8956       3.05899      -2.58039    
 -38.6125       1.99322      -2.78850    
 -38.8391       1.07201      -3.00500    
 -39.1519      0.325826      -3.45738    
 -39.7074     -0.530788      -2.93994    
 -39.4911      -1.37716      -2.56959    
 -39.1367      -2.40082      -2.21231    
 -38.8887      -3.24781      -2.08172    
 -38.0380      -4.02401      -1.86890    
 -37.5785      -5.11739      -2.28475    
 -37.4928      -6.04433      -2.48577    
 -37.2773      -6.97432      -2.80993    
 -37.0795      -8.26477      -2.72783    
 -36.8098      -9.08629      -3.06438    
 -36.8880      -10.0249      -3.30120    
 -36.5085      -11.0780      -3.46851    
 -36.0649      -12.0740      -3.79785    
 -35.2580      -12.8991      -3.41089    
 -34.8099      -13.9181      -3.17015    
 -34.3078      -14.8191      -3.50581    
 -33.4907      -15.5058      -3.24361    
 -32.9473      -16.1342      -2.70740    
 -32.0495      -16.5073      -2.78425    
 -31.1606      -17.0260      -2.66613    
 -30.4003      -17.9175      -2.71917    
 -29.8533      -18.9814      -2.89810    
 -29.7742      -19.8678      -2.97628    
 -29.1318      -20.6639      -2.49576    
 -28.5472      -21.5853      -2.26447    
 -28.4273      -22.7188      -2.50328    
 -28.3747      -23.6988      -2.75357    
 -28.1913      -24.6182      -2.78479    
 -28.2201      -25.6129      -2.99283    
 -27.9499      -26.6675      -2.71614    
 -27.3317      -27.3648      -2.46407    
 -26.8222      -28.2091      -2.35253    
 -26.1705      -28.8208      -2.34330    
 -25.5731      -29.2171      -1.43450    
 -24.4618      -29.4045      -1.06277    
 -23.3439      -29.5025      -1.20474    
 -22.5685      -30.0163      -1.27256    
 -21.6391      -30.1734      -1.02808    
 -20.7598      -30.7574      -1.71279    
 -19.7183      -31.1987      -1.86526    
 -18.9526      -31.6314      -2.31795    
 -18.3243      -32.3103      -1.74097    
 -17.4453      -32.7954      -1.44143    
 -16.7207      -33.1633      -1.12076    
 -15.8958      -33.5165     -0.535826    
 -14.8154      -34.0524     -0.420771    
 -13.6847      -34.4450     -0.433318E-01
 -12.7438      -34.3409      0.132570    
 -11.9925      -33.7921     -0.144400    
 -12.6210      -33.0428     -0.725551    
 -12.7193      -32.1744     -0.275853    
 -12.9627      -31.2475     -0.355071    
 -13.5412      -31.2983      -1.05920    
 -14.6600      -31.2598      -1.00354    
 -14.8827      -30.5352     -0.588517    
 -13.9732      -31.1153     -0.593570    
 -13.2329      -31.9073     -0.858933    
 -12.2743      -32.1929     -0.733034    
 -12.4152      -33.1112     -0.135612    
 -12.7423      -34.0627     -0.381948    
 -12.1563      -34.9451     -0.252766    
 -11.1457      -35.1429     -0.252927    
 -10.1894      -35.8638     -0.286029    
 -9.52372      -36.7313     -0.968430E-01
 -8.88116      -37.5003     -0.130880    
 -8.00069      -37.6469      0.382098    
 -7.18175      -37.6448      0.818750    
 -6.40277      -37.0468      0.873263    
 -5.52703      -36.8279      0.165000    
 -4.70180      -36.6091     -0.599070    
 -3.57127      -36.6613     -0.725697    
 -2.74320      -36.8690      -1.15587    
 -1.77443      -36.4603      -1.63747    
 -1.08227      -36.7655      -2.25257    
-0.850341E-01  -36.6171      -2.03802    
  1.00565      -36.5756      -1.77086    
  2.11075      -36.3730      -1.83289    
  3.18940      -36.5553      -1.90209    
  4.20431      -36.4568      -1.73759    
  5.07323      -36.6750      -1.25957    
  6.11043      -36.4503      -1.21257    
  7.06760      -36.0889      -1.53238    
  8.02877      -36.0265      -2.08624    
  9.14785      -35.7306      -2.06697    
  10.1531      -35.2210      -2.01083    
  10.9300      -35.3442      -2.66649    
  12.0198      -35.2658      -2.45367    
  12.8892      -35.7349      -2.94607    
  13.8569      -36.0319      -2.92656    
  14.7249      -36.2520      -3.24540    
  15.6946      -36.7315      -3.23386    
  16.7614      -36.9968      -3.13354    
  17.8840      -36.8599      -3.44410    
  18.9547      -36.7873      -3.80637    
  19.9082      -36.6944      -3.81069    
  20.7773      -36.2218      -3.32425    
  21.5794      -35.6618      -2.80411    
  22.5221      -35.2313      -2.58858    
  23.3781      -34.6161      -2.51357    
  24.0818      -34.0571      -2.79418    
  25.0232      -33.6523      -3.15615    
  25.9647      -33.3097      -2.99648    
  27.0015      -32.7448      -3.10570    
  27.9912      -33.1967      -3.11175    
  28.8563      -33.2382      -2.87759    
  29.6736      -33.2521      -2.27515    
  30.6249      -33.0589      -1.77278    
  31.1364      -32.2423      -1.51225    
  31.0915      -31.2157      -1.61920    
  31.6763      -30.6906      -1.75172    
  32.5998      -30.4961      -1.67678    
  33.4917      -29.9861      -1.71612    
  34.4525      -29.4874      -1.66217    
  35.3719      -29.2080      -1.08020    
  35.3281      -28.3201     -0.238071    
  35.1341      -27.3589     -0.440605    
  35.3411      -26.3460     -0.738599    
  35.7603      -25.2609     -0.763700    
  35.9621      -24.2269     -0.364242    
  36.4597      -23.4186      0.756723E-01
  36.9763      -22.6206      0.770381E-01
  37.1959      -21.5798     -0.125613E-01
  37.7660      -20.7710     -0.629959    
  38.6671      -20.4287     -0.488216    
  39.0050      -19.4102     -0.653893    
  39.2804      -18.5009     -0.566663    
  39.9880      -17.8725     -0.502891E-01
  40.4927      -17.1150      0.503406    
  40.9378      -16.3291      0.833165    
  41.3505      -15.4268      0.286760    
  41.9004      -14.4431      0.332278    
  42.1319      -13.5251       1.02077    
  42.3436      -12.5876       1.12806    
  42.8412      -11.6251       1.01189    
  43.2658      -10.8145       1.01497    
  43.2466      -9.96757       1.15638    
  43.0057      -8.88015       1.52057    
  43.0263      -8.11990       2.12644    
  42.8664      -7.12746       1.96446    
  43.1480      -6.02145       1.90762    
  43.2519      -5.14566       1.97456    
  43.3365      -3.99052       1.85259    
  43.3523      -2.92064       2.21424    
  43.2296      -1.75224       1.91531    
  43.5938     -0.855355       2.16388    
  43.6902      0.344469E-01   1.82779    
  43.5885      0.940333       1.80887    
  43.9121       2.06660       1.96128    
  44.0986       2.99409       2.13489    
