  26.8300      0.785834      0.749534    
  27.6594       1.23112      0.600068    
  28.1976       2.07207      0.401874    
  28.5848       2.72038      0.962120    
  28.4281       2.33709       1.76494    
  27.3207       1.83839       1.47264    
  26.3130       1.87087       1.29308    
  25.3180       1.33313       1.61448    
  24.7648      0.761593       2.10844    
  24.2538       1.13922       3.01020    
  23.6935       1.89707       3.45213    
  23.5473       2.84961       3.28914    
  22.8988       3.27706       2.81620    
  22.2397       2.60158       2.04459    
  21.4755       1.88841       2.09579    
  21.2059       1.09891       2.70242    
  20.5289      0.229941       2.78330    
  19.4625      0.146942       2.69415    
  18.6227     -0.317187       2.44170    
  17.5449     -0.298735       2.11562    
  16.6692     -0.525337       2.02742    
  15.6788     -0.721530       1.55714    
  15.3758     -0.611934      0.664093    
  15.9556     -0.671093      0.883001E-01
  16.4402      0.252674     -0.517745    
  17.0507       1.05614     -0.838478    
  17.3164       1.82407      -1.64501    
  17.3426       2.82010      -1.89997    
  16.9518       3.62900      -2.17186    
  16.3015       4.54952      -2.47631    
  16.2723       4.92289      -3.45723    
  16.2494       5.48943      -4.39221    
  16.7369       6.42965      -4.28672    
  17.0138       7.15019      -3.72614    
  16.2800       7.39925      -3.25440    
  15.5483       8.11449      -2.73234    
  14.7317       8.56337      -2.27431    
  14.0582       8.28164      -1.74190    
  13.0823       8.36820      -1.53977    
  12.1355       8.11994      -1.51100    
  11.2890       8.06560      -1.74002    
  10.4667       8.57413      -1.81619    
  9.56533       8.69832      -2.30825    
  8.59839       8.77173      -2.59931    
  7.52396       9.02603      -2.64484    
  6.67029       9.02143      -2.20993    
  5.80394       8.70871      -2.70560    
  5.18309       8.77723      -3.33870    
  4.59266       9.43957      -3.83254    
  4.06533       10.0054      -4.24101    
  3.10025       10.4826      -3.98944    
  2.76897       11.3498      -4.19802    
  2.02705       12.1332      -4.43001    
  1.10941       12.6641      -4.55736    
 0.927693       13.6370      -4.45460    
  1.21220       14.2810      -3.77828    
  1.75261       14.9219      -3.05892    
  2.57144       15.5011      -2.52144    
  2.71389       16.1868      -2.50749    
  2.38855       16.9684      -2.59388    
  2.12442       17.7772      -2.42250    
  2.29252       18.3393      -1.66479    
  2.65270       18.4262     -0.597683    
  3.15136       19.0076     -0.867970E-01
  3.38603       19.7676      0.638520    
  4.18517       20.4046      0.987300    
  5.10416       20.6568      0.868752    
  5.93120       21.3012      0.432311    
  6.38094       22.0351     -0.265158    
  6.70650       22.9441     -0.981231E-01
  7.29729       23.6689      0.446819    
  8.33217       23.9325      0.643652    
  8.36107       24.8075      0.281693    
  8.50729       24.1504     -0.668069    
  7.83929       23.3487     -0.512399    
  7.58835       22.9781      0.222034    
  6.75895       22.7246      0.650845    
  6.14920       22.0182      0.719885    
  5.30505       21.5887      0.459084    
  4.69170       20.8128      0.443114    
  4.21350       19.8861      0.611012    
  3.60540       19.1138      0.663060    
  2.66059       19.0806      0.468569    
  2.23605       19.1715     -0.568188    
  2.66951       19.0489      -1.41660    
  2.85332       18.2057      -1.78424    
  2.72243       17.2064      -2.07660    
  2.17369       16.4349      -2.21542    
  2.08255       15.7822      -3.00377    
  2.15556       15.0232      -3.55467    
  1.93206       14.1242      -3.47416    
  1.81409       13.1041      -3.46819    
  1.65864       12.1088      -4.05323    
  1.20374       11.3544      -4.58936    
 0.296551       10.7767      -4.66733    
-0.669509       11.0170      -5.26981    
 -1.43649       11.6273      -5.72608    
 -2.21716       11.6946      -5.32156    
 -2.81018       10.8326      -5.02196    
 -3.29125       10.3009      -4.64045    
 -4.19164       9.71147      -4.42623    
 -4.60248       8.92790      -4.08524    
 -5.25059       8.12837      -3.97696    
 -6.06953       8.01233      -3.24932    
 -6.61029       7.13129      -2.89300    
 -7.25154       6.48494      -3.24787    
 -8.00485       5.73977      -3.01986    
 -8.85728       5.66730      -2.75140    
 -9.69100       6.23891      -2.75252    
 -10.3282       6.88594      -2.81290    
 -10.8958       7.34462      -3.47625    
 -11.7056       7.51789      -4.23501    
 -12.3666       8.15304      -4.76899    
 -12.8508       8.80828      -5.47336    
 -13.4024       9.57245      -5.21825    
 -13.6707       10.1799      -4.73113    
 -13.7184       11.1025      -4.77192    
 -14.5805       11.3074      -5.14878    
 -15.4714       11.1761      -5.31141    
 -16.1513       11.5933      -4.68454    
 -16.5063       12.3977      -4.38974    
 -17.3636       13.1034      -4.53259    
 -18.0386       13.3929      -3.93422    
 -18.3758       13.3287      -2.98911    
 -18.8955       13.1018      -2.31687    
 -18.6239       13.1763      -1.36122    
 -19.0653       13.4728     -0.490498    
 -19.8856       13.4263     -0.691291    
 -19.5238       13.5927      -1.63854    
 -18.5455       13.8045      -2.31676    
 -17.7496       13.1901      -2.66971    
 -17.3209       12.5945      -3.63213    
 -17.0603       12.3585      -4.48925    
 -16.3493       12.0479      -5.05942    
 -15.4015       11.7273      -4.71070    
 -14.6941       11.0156      -4.84691    
 -13.7592       10.4728      -5.19992    
 -12.7299       10.0264      -4.75864    
 -12.5917       9.05469      -4.77916    
 -12.6671       8.05556      -4.37183    
 -12.3195       6.99204      -4.51629    
 -11.3177       6.72058      -4.22837    
 -10.3352       6.61626      -3.76671    
 -9.26637       6.81168      -3.25606    
 -8.65937       6.52865      -2.59272    
 -7.93420       6.00818      -2.01105    
 -7.21448       5.65034      -1.59969    
 -6.57961       5.52483      -2.41132    
 -6.43154       5.74324      -3.28171    
 -6.45393       5.21790      -4.04880    
 -6.91295       5.30153      -4.90928    
 -6.94190       6.22883      -5.34809    
 -7.34642       6.80416      -6.11170    
 -6.93754       7.39243      -6.87794    
 -6.02986       7.52002      -7.19517    
 -5.49057       6.78634      -7.71202    
 -5.42389       6.04020      -8.34712    
 -5.67815       5.31571      -9.12807    
 -6.62176       5.98613      -9.17238    
 -6.70893       6.61452      -8.11312    
 -6.32195       6.61824      -7.06808    
 -6.41581       6.24850      -6.00269    
 -6.54166       6.07475      -5.12446    
 -6.94520       5.74926      -4.26712    
 -7.30374       5.05802      -3.85699    
 -7.46106       4.17894      -3.48107    
 -7.83039       3.44616      -2.76059    
 -8.12029       2.74695      -2.18100    
 -7.99895       1.93320      -1.54357    
 -7.63416       1.02856      -1.08996    
 -7.41506      0.214414     -0.817648    
 -7.51609     -0.649665      -1.25943    
 -8.08856      -1.43169      -1.75236    
 -8.63808      -2.20405      -2.24912    
 -9.57515      -2.43243      -2.74983    
 -10.2942      -2.22174      -2.09814    
 -10.0497      -2.78655      -1.34476    
 -9.27177      -3.55504      -1.38405    
 -8.72587      -4.49525      -1.34172    
 -8.01986      -5.37371      -1.31343    
 -7.37304      -5.89200      -1.83329    
 -7.34950      -6.72957      -2.34361    
 -7.31511      -7.72977      -2.57443    
 -7.47390      -8.84488      -2.74157    
 -7.37097      -9.87878      -2.72963    
 -6.27058      -10.4917      -2.66918    
 -5.43707      -10.9368      -2.73730    
 -4.57464      -10.9647      -2.68644    
 -3.53588      -11.3165      -2.91587    
 -2.84805      -12.0633      -3.00091    
 -2.37746      -12.8336      -2.74004    
 -1.85986      -13.7988      -2.56357    
 -1.72120      -14.7535      -2.40195    
 -2.36448      -15.2914      -2.14125    
 -3.17474      -15.2983      -1.51691    
 -4.04046      -15.6990      -1.46440    
 -4.89779      -16.1622      -1.76644    
 -5.60219      -16.5996      -2.20882    
 -6.52135      -17.2025      -2.14107    
 -7.33216      -17.1361      -1.75251    
 -8.10344      -17.1202      -1.14035    
 -9.16732      -17.4912     -0.574182    
 -10.0192      -18.0773     -0.163088    
 -10.6441      -17.3363      0.325700    
 -11.1077      -17.1620       1.15602    
 -11.6233      -16.4473       1.84296    
 -11.9622      -15.7569       2.51365    
 -12.0989      -15.5501       3.57006    
 -11.4842      -15.2247       4.44638    
 -10.4821      -15.1383       4.67465    
 -9.66105      -14.8842       5.10960    
 -9.74398      -13.8975       4.75021    
 -9.54591      -12.8208       4.45629    
 -10.2156      -13.2230       3.63331    
 -10.6797      -14.2038       3.73574    
 -11.1552      -15.0603       3.55382    
 -11.6617      -15.9520       3.44193    
 -12.3070      -16.7073       3.24442    
 -12.6533      -17.1416       2.47463    
 -12.5518      -17.1516       1.29529    
 -11.7868      -16.9383      0.728275    
 -10.8977      -16.7479      0.527617    
 -10.0332      -17.1007      0.205465    
 -9.21490      -17.7826      0.136547    
 -8.99675      -18.3106     -0.563081    
 -8.39957      -17.6520      -1.35645    
 -8.18694      -16.7986      -1.48696    
 -7.20363      -16.4116      -2.03000    
 -6.31573      -16.6664      -1.84465    
 -5.46717      -17.0136      -1.48050    
 -4.61079      -17.0136     -0.999100    
 -4.02937      -16.2864      -1.48901    
 -3.60598      -15.4786      -1.95642    
 -2.97705      -14.8665      -1.80180    
 -2.09186      -14.5507      -1.37650    
 -1.34698      -14.4762      -1.12664    
-0.391480      -13.8817     -0.694526    
 0.520867      -14.0837     -0.591471    
  1.58077      -14.3280     -0.644784    
  2.65646      -14.7829     -0.787810    
  2.69984      -15.6781     -0.482066    
  2.61065      -16.8472     -0.728438    
  2.42445      -16.9660      -1.82046    
  2.50239      -17.6309      -2.49798    
  3.15047      -18.5063      -2.80255    
  3.56176      -19.4462      -2.58605    
  3.66967      -20.4653      -2.51732    
  3.11878      -21.2142      -2.87645    
  2.55730      -22.1419      -3.25110    
  2.86324      -23.1056      -2.95748    
  3.01222      -23.8638      -2.11123    
  3.98394      -24.4363      -1.82627    
  4.26927      -25.1326      -2.43616    
  3.52638      -25.2887      -2.96930    
  2.57265      -25.1438      -3.06039    
  1.93902      -24.3082      -3.10369    
  2.12392      -23.4892      -2.73065    
  2.74850      -22.8876      -2.20768    
  3.52157      -22.1066      -2.51053    
  3.83792      -21.2578      -3.04715    
  3.40744      -20.3416      -3.05684    
  3.07047      -19.2646      -2.83143    
  2.67809      -18.4096      -2.14605    
  2.81666      -17.6306      -1.96138    
  2.95541      -16.6141      -1.57417    
  2.22724      -16.0381     -0.740657    
  2.26758      -15.6530      0.160533    
  2.91964      -15.4366      0.809510    
  3.53874      -14.6614       1.01413    
  4.57494      -14.2822      0.528868    
  5.48794      -13.9470      0.775769    
  6.44795      -13.7539       1.25406    
  7.30294      -13.2309       1.67101    
  8.20895      -12.8219       1.80769    
  8.95888      -12.1475       1.79734    
  9.57712      -11.3849       1.38546    
  10.0392      -10.5553      0.905879    
  10.1737      -9.99939      0.184147    
  10.5433      -9.14780     -0.204783    
  10.9599      -8.13838     -0.348242    
  11.6807      -7.38163      0.421159E-01
  12.3505      -6.91261      0.552950    
  13.0763      -6.19604      0.808184    
  13.7805      -6.12354       1.50951    
  14.0462      -6.59143       2.51925    
  14.2074      -7.25739       3.21544    
  13.7717      -7.95562       3.16162    
  13.3863      -7.99166       2.22837    
  13.3027      -6.96377       1.71282    
  13.0250      -5.88490       1.70423    
  13.4517      -4.81845       1.53154    
  13.7690      -3.99759      0.840047    
  14.5173      -3.48902      0.430181    
  15.0355      -2.68697      0.121006    
  15.8492      -2.06437      0.178249    
  16.2672      -1.09405      0.365140    
  16.5486     -0.377415       1.07055    
  17.3402      0.259973       1.61810    
  18.1392      0.277604       2.35794    
  18.8060      0.568698E-01   3.06002    
  19.6285     -0.350716       2.80262    
  20.5119     -0.189557       2.12374    
  20.7325      0.840242       2.17370    
  20.8072       1.69330       2.67611    
  21.6399       2.09453       3.12173    
  22.8395       2.27384       3.10552    
  23.9262       2.48424       2.77571    
  24.8446       1.96107       2.90256    
  25.6555       1.50916       2.26872    
  26.2613      0.916505       1.53410    
