  25.3107      0.700771       4.03200    
  25.8463       1.00672       3.40627    
  26.0826       1.56523       2.54860    
  25.9627       1.81881       1.45230    
  26.8901       2.34726       1.11749    
  27.5221       2.58851       1.74250    
  27.3342       2.51232       2.90474    
  26.5300       2.12545       3.17982    
  25.4822       1.97783       3.42195    
  24.7610       1.42847       3.79321    
  24.0548      0.842640       3.85770    
  23.2882      0.489799       4.09315    
  22.4065      0.211227       3.79274    
  21.5142      0.582876       4.20943    
  20.5414      0.692759       4.37477    
  19.5991      0.596598       4.18490    
  18.7408      0.164058       4.13128    
  17.8342     -0.400802       4.19263    
  17.0155     -0.959763       4.20050    
  16.1378     -0.751026       3.53389    
  15.2552     -0.971305       2.90508    
  14.5273      -1.01507       2.31990    
  14.0284      -1.67489       1.75185    
  13.5404      -2.40015       1.30538    
  12.9855      -2.33079      0.535812    
  12.8849      -2.18363     -0.392209    
  13.0867      -1.30354      -1.02005    
  13.2710     -0.596969      -1.64082    
  13.7217     -0.775929E-01  -2.38633    
  14.2369      0.987420      -2.34901    
  14.7375       1.81805      -2.20111    
  14.1215       2.46324      -2.38376    
  14.0344       3.55884      -2.23209    
  13.6912       4.44554      -2.31449    
  13.2309       5.20969      -2.56124    
  12.6481       5.87703      -2.31216    
  11.8172       6.51718      -1.87060    
  10.9421       6.40308      -1.85394    
  9.94161       6.08947      -1.53050    
  8.99933       6.46875      -1.79068    
  8.11496       6.77842      -2.08956    
  7.23038       7.29979      -2.16183    
  6.50412       7.67032      -1.53617    
  6.13017       8.67475      -1.05372    
  5.50134       9.59756      -1.38058    
  4.90216       9.97228      -1.91566    
  3.85670       10.0038      -1.95531    
  3.02914       9.41125      -2.16233    
  2.76374       8.73176      -2.71433    
  2.03440       8.58105      -3.51820    
  1.42910       9.03332      -4.18896    
  1.22573       9.73420      -4.86021    
 0.988091       10.8181      -4.82287    
 0.398139       11.4374      -4.14762    
 0.488882       12.3273      -3.66941    
 0.888085       13.3502      -3.45044    
  1.10756       14.4088      -3.34063    
 0.680697       15.2402      -3.04679    
-0.258536       15.8113      -3.00179    
-0.642888       16.3976      -2.32323    
-0.942341       17.3273      -2.55053    
-0.735174       18.3772      -3.12171    
-0.294260       19.4047      -2.78015    
 0.286691       19.9279      -2.06911    
 0.488356       19.6423     -0.893750    
  1.50570       19.3931     -0.609078    
  2.37413       19.1841     -0.672108    
  3.39924       19.7767     -0.557308    
  3.92075       20.6167     -0.187861E-01
  3.68839       20.8812      0.911870    
  3.83166       21.0073       1.98924    
  3.79010       20.3509       2.66717    
  4.56330       19.8728       3.06509    
  5.29182       20.0603       2.40821    
  5.08077       20.1753       1.35733    
  4.08015       20.1597      0.869937    
  3.11861       20.4870      0.776955    
  2.53620       20.2374     -0.108817E-01
  2.22471       20.2544      -1.07929    
  1.28161       20.0606      -1.39411    
 0.654387       19.2687      -1.70294    
-0.220074       19.0014      -2.24747    
 -1.07043       19.0116      -2.84394    
-0.975569       18.3890      -3.54195    
-0.338972       17.6934      -3.09839    
-0.225765       17.0697      -2.40145    
 0.322277       16.4739      -2.07234    
 0.340030       15.5224      -2.22819    
 0.377396       14.7207      -2.79992    
 0.413938       14.0668      -3.57281    
 0.754444       13.0880      -4.07666    
 0.807184       12.0600      -4.01631    
 0.944691       11.0277      -4.02169    
 0.223777       10.4313      -3.91976    
-0.530722       9.75507      -3.55871    
 -1.59749       9.67470      -3.69101    
 -2.19024       8.67228      -3.95334    
 -3.17615       8.26370      -3.77687    
 -3.84450       7.63116      -3.98876    
 -4.86055       7.42045      -4.16937    
 -5.91626       7.51938      -3.94286    
 -6.82094       7.83118      -4.03342    
 -7.58909       7.80461      -3.72277    
 -8.22941       7.25506      -3.32355    
 -9.33074       6.89826      -3.47506    
 -10.0947       6.64950      -2.65831    
 -10.8404       6.54087      -1.83648    
 -11.6508       7.19336      -1.80073    
 -12.1492       8.01988      -1.89791    
 -12.5059       8.00072      -2.95480    
 -12.7648       7.46051      -3.67113    
 -13.7390       7.58857      -3.92777    
 -14.4778       8.42796      -3.87018    
 -14.7860       9.30034      -3.91921    
 -14.4866       10.0840      -4.55610    
 -14.0182       10.8653      -4.98168    
 -14.6410       11.3231      -5.50185    
 -15.2647       11.4420      -6.14055    
 -16.4555       10.9703      -6.00587    
 -17.0231       10.4759      -5.22289    
 -17.1564       10.9749      -4.26132    
 -17.3527       11.8616      -4.17102    
 -17.6420       12.7400      -4.24110    
 -18.2077       13.5648      -3.81901    
 -18.7957       13.7126      -3.13378    
 -19.4110       13.9071      -2.41242    
 -19.4495       14.3455      -1.60180    
 -18.8936       15.1431      -1.26563    
 -17.8413       15.1545      -1.47222    
 -17.8807       14.3122      -2.02550    
 -18.1611       13.4421      -2.70855    
 -18.2359       12.5986      -3.38254    
 -18.2595       11.5471      -3.75591    
 -17.9417       11.2618      -4.62364    
 -17.0778       11.3482      -5.30645    
 -16.2082       10.7422      -5.57747    
 -15.3934       10.3074      -5.36188    
 -14.5671       9.64508      -4.99749    
 -14.1605       8.91368      -4.39222    
 -13.8128       8.45319      -3.56485    
 -13.4628       7.70047      -3.24380    
 -12.6627       7.54236      -2.84864    
 -11.7476       7.31794      -2.55618    
 -10.8054       7.14474      -2.23470    
 -10.0486       7.49135      -2.38687    
 -9.33041       6.82677      -2.58648    
 -8.79963       5.97867      -2.85873    
 -8.45416       5.15258      -3.35600    
 -8.71082       5.42317      -4.34875    
 -8.61779       5.20974      -5.42293    
 -7.75466       5.39595      -6.14999    
 -7.07333       5.94606      -7.01622    
 -7.19971       6.26792      -8.02334    
 -6.83772       7.08012      -8.46661    
 -6.48154       8.06194      -8.51669    
 -5.50667       8.61980      -8.61785    
 -5.16616       7.96151      -8.14770    
 -5.66390       7.27602      -7.49558    
 -6.62704       7.01501      -7.47610    
 -7.68980       6.59223      -7.07439    
 -8.06447       5.57803      -6.84740    
 -8.11219       4.73121      -5.98125    
 -8.21543       5.14149      -5.15681    
 -8.25929       6.12574      -4.71512    
 -8.84814       5.84938      -3.93097    
 -9.30894       5.27984      -3.35167    
 -10.0665       4.66224      -2.96019    
 -10.5987       3.80631      -2.94101    
 -10.4942       2.78311      -3.22718    
 -10.2027       2.22993      -2.56968    
 -9.39218       1.62001      -2.84440    
 -8.46937       1.04379      -2.92768    
 -7.80920      0.286139      -3.23849    
 -7.40967     -0.363036      -3.71022    
 -6.92553      -1.34443      -4.11725    
 -6.88800      -2.35503      -3.53460    
 -7.45501      -3.05597      -2.98561    
 -7.39476      -3.78359      -2.19265    
 -6.62826      -4.41327      -1.57853    
 -5.83768      -4.89741      -1.44443    
 -5.48373      -5.83238      -1.28614    
 -5.20430      -6.63051      -1.71135    
 -4.59808      -7.35035      -2.01636    
 -3.77920      -7.83568      -2.66205    
 -3.79869      -8.93079      -2.82303    
 -3.62306      -9.84291      -2.29414    
 -3.17168      -10.5632      -1.85775    
 -2.46093      -11.2547      -1.63524    
 -2.19535      -12.1224      -1.05509    
 -1.84475      -12.3133     -0.187714    
-0.901346      -12.4649      0.182805    
-0.342571      -13.1890      0.443506    
-0.593958      -13.9775      0.757337    
 -1.65528      -14.1621       1.18160    
 -2.72636      -13.9063      0.739376    
 -3.22111      -14.5366      0.517914E-01
 -4.00442      -15.1576      0.391918    
 -4.72905      -15.7246      0.680578    
 -5.70291      -15.9675      0.733361    
 -6.39740      -16.4481      0.481659    
 -7.10769      -16.6612     -0.346524    
 -7.72788      -17.4847     -0.742514    
 -8.02910      -18.3201     -0.330957    
 -8.63740      -18.3677      0.464116    
 -9.75658      -18.1354      0.885422    
 -10.3772      -17.4974       1.08099    
 -10.9482      -16.5796       1.28549    
 -11.3206      -15.7550       1.35781    
 -10.5597      -15.0641       1.20317    
 -10.0284      -14.1227      0.542216    
 -10.1204      -13.1639      0.300467    
 -10.6346      -12.2079      0.229610    
 -10.4857      -11.7721       1.08360    
 -10.1912      -12.8128       1.25840    
 -10.6277      -13.7271      0.884922    
 -10.6798      -14.7470      0.481258    
 -10.5547      -15.7771      0.785866    
 -10.2890      -16.5501       1.22444    
 -10.4167      -17.3069       1.94261    
 -10.3189      -18.3508       2.17428    
 -10.3891      -19.1110       1.36893    
 -10.4560      -19.4494      0.326111    
 -9.86085      -18.7631     -0.199369    
 -8.83822      -18.1816     -0.418309    
 -8.01223      -17.8198     -0.923606E-01
 -7.11105      -17.7805      0.209859    
 -6.47991      -17.2486     -0.221233    
 -5.86003      -16.2270     -0.206074    
 -5.50553      -15.2887     -0.191994    
 -4.74828      -14.8175      0.319755    
 -3.99811      -14.5274      0.957718    
 -2.96546      -14.7619       1.07009    
 -2.21314      -14.1540      0.541819    
 -1.33019      -13.5224      0.664155    
-0.218615      -13.3049       1.07287    
 0.770242      -13.6222      0.664464    
 0.981493      -14.5583      0.761893    
  1.38310      -15.3629      0.821274    
  2.09637      -16.0492      0.989720    
  1.98706      -17.0488      0.719012    
  2.20326      -18.1344       1.01365    
  1.80763      -18.9267       1.55390    
  1.64037      -19.7858       1.77273    
  1.92332      -20.7388       1.45129    
  2.42873      -21.2252      0.947827    
  3.09495      -21.1765      0.271590    
  4.05096      -21.2249     -0.559532E-01
  4.89709      -21.6125     -0.541184    
  4.79675      -22.4757      -1.23477    
  4.34387      -22.5876      -1.97447    
  4.40880      -22.9597      -2.98905    
  4.65277      -23.4094      -3.81857    
  4.95852      -24.2826      -4.01091    
  4.84092      -25.2963      -3.65506    
  4.09912      -25.1586      -2.93775    
  3.78749      -24.2796      -2.50852    
  4.05362      -23.4233      -2.17856    
  4.95812      -22.5739      -2.12823    
  4.69186      -21.8611      -1.36138    
  4.27937      -21.8175     -0.423670    
  4.05352      -21.7741      0.497552    
  3.67451      -21.2841       1.32464    
  2.77465      -20.7516       1.67331    
  2.43068      -20.1258       1.15183    
  1.95019      -19.4007       1.01981    
  1.58893      -18.5853       1.15769    
  1.93862      -17.5979       1.50488    
  2.28189      -16.8459       1.52293    
  2.82257      -16.1887       2.00889    
  3.11319      -15.3812       2.78267    
  3.77293      -14.4770       3.04394    
  4.77088      -13.8911       2.89620    
  5.51393      -13.0804       2.95127    
  5.69199      -12.4642       2.19884    
  6.11451      -12.0253       1.51043    
  6.39251      -11.5557      0.559445    
  6.78222      -11.2401     -0.225004    
  7.49135      -10.7609     -0.677731    
  8.09524      -10.1960     -0.228717    
  8.59718      -9.37741     -0.487086    
  9.31586      -8.41769     -0.707006    
  9.98757      -7.47478     -0.700086    
  10.6517      -6.91989     -0.216192    
  11.1986      -6.82183      0.618425    
  11.3745      -6.20616       1.39126    
  11.4805      -5.33652       1.70693    
  10.9259      -4.39577       1.80985    
  10.5898      -3.87699      0.825951    
  10.6344      -4.06669     -0.143326    
  11.0785      -3.55352     -0.986814    
  11.7502      -3.40935      -1.38716    
  12.6722      -3.16953      -1.55878    
  13.6742      -2.96883      -1.37473    
  13.8321      -2.71451     -0.387767    
  13.6192      -2.01797      0.332789    
  13.5090      -1.33621       1.07879    
  13.7797      -1.36422       2.37145    
  14.6881      -1.47942       2.47185    
  15.6779      -1.38352       2.79411    
  16.6190     -0.986960       3.14323    
  16.9023     -0.231216       3.93842    
  17.4722      0.303329E-01   4.52106    
  18.3897     -0.227363       4.78820    
  19.3441     -0.125357       4.66142    
  20.1691      0.163355       4.21558    
  20.7037      0.644342       3.66421    
  21.5518      0.848326       3.80035    
  22.6328       1.11140       4.25521    
  23.5158      0.879060       4.32691    
  24.4442      0.821807       4.41431    
