  26.3423       2.78559       4.15210    
  27.5463       2.71005       4.32649    
  28.5125       2.36085       4.38371    
  29.5564       2.26038       4.39500    
  29.4187       2.22175       3.32799    
  28.4279       2.13732       3.19642    
  27.8905       2.26890       4.12945    
  27.0223       2.19524       4.50033    
  26.3320       3.04990       4.75695    
  25.5996       3.56575       4.84910    
  24.4866       3.34727       4.88344    
  23.5444       2.88268       4.97000    
  22.8022       2.44377       5.25443    
  21.8549       2.12290       5.40786    
  20.9490       2.07657       5.31824    
  20.0725       1.83222       4.99583    
  19.6467       1.17287       4.27448    
  19.0593      0.562141       3.81332    
  18.1400      0.245680       3.45658    
  17.5374      0.145157       2.49993    
  16.6885     -0.128825       1.81398    
  15.8775     -0.529531       1.63008    
  14.9951     -0.847299       1.55525    
  14.1623     -0.967273       1.19414    
  13.6854     -0.230790      0.703291    
  13.1228      0.329985      0.390505E-01
  12.9257      0.863288     -0.768800    
  13.2925       1.53225      -1.43557    
  13.9929       1.87685      -2.15866    
  14.7544       2.47861      -1.78443    
  15.3635       3.12291      -1.42873    
  15.5182       4.15378      -1.51294    
  15.3227       5.04782      -2.16297    
  15.4504       6.03356      -2.73654    
  15.3057       6.98774      -3.10423    
  15.0464       7.98980      -3.21267    
  14.8000       8.71902      -3.20624    
  13.8309       9.14748      -3.16241    
  12.8470       8.54977      -3.20102    
  11.9899       8.35152      -2.78122    
  10.9690       8.82612      -2.87646    
  10.1643       8.98784      -3.23567    
  9.42370       9.42729      -3.70640    
  8.51748       9.74432      -3.80954    
  7.50404       10.0048      -3.62054    
  6.37013       10.2774      -3.46087    
  5.48454       10.0501      -3.22454    
  4.53708       9.92843      -3.16115    
  3.55707       9.71697      -2.77134    
  2.68684       9.85711      -2.45369    
  1.93057       9.95155      -1.82430    
  1.13136       10.6350      -1.68718    
 0.993971       11.5237      -1.15648    
  1.34702       12.3902      -1.07516    
  1.82158       13.3698      -1.40710    
  1.99342       13.6644      -2.42474    
  1.60347       14.3662      -3.25260    
  1.17537       15.3446      -3.41212    
 0.948896       16.0766      -3.08170    
 0.866806       16.7671      -2.25966    
  1.07218       17.6376      -1.83336    
  1.07060       18.6646      -1.54164    
 0.899564       19.2151     -0.862858    
  1.22617       19.5979     -0.103446    
  2.13188       19.6236      0.551995    
  2.76923       20.2233      0.841131    
  3.60755       20.7348       1.02765    
  4.28046       21.2253       1.68488    
  5.30470       21.1046       1.96748    
  6.16754       20.5772       2.00606    
  6.26486       19.8150       2.59158    
  6.03837       20.1230       3.44191    
  6.16843       20.7905       2.74216    
  6.03321       21.3949       1.87379    
  5.21804       21.2349       1.22608    
  4.41956       20.5859       1.30302    
  3.56143       20.1952       1.47859    
  2.54049       20.1672       1.54300    
  1.91396       20.3360      0.821438    
  1.93159       19.8751     -0.593351E-01
  1.35508       19.0551     -0.443067    
 0.954813       18.3462      -1.11032    
 0.443849       17.6772      -1.76403    
 0.892566       17.3506      -2.59000    
  1.62306       16.5750      -2.76240    
  2.15856       15.8557      -3.03839    
  2.20846       14.7758      -3.00576    
  1.48748       14.4993      -1.95778    
  1.24721       13.8417      -1.32759    
  1.17645       12.7849      -1.49024    
  1.62089       11.9406      -1.71160    
  2.02667       11.0142      -1.49558    
  2.16838       9.95540      -1.37156    
  2.58462       8.96105      -1.33071    
  2.77272       8.29507      -1.81769    
  2.88583       7.63640      -2.57360    
  2.11085       7.22439      -3.06906    
  1.19318       7.24667      -3.57853    
 0.246245       7.03625      -3.92838    
-0.766029       7.36826      -4.53074    
 -1.63654       7.52307      -5.00843    
 -2.62176       7.72233      -4.87268    
 -3.60717       7.96938      -4.43523    
 -4.20462       8.04475      -3.68456    
 -4.84955       7.41695      -2.99914    
 -5.68364       6.54306      -3.17000    
 -6.72123       6.18971      -3.55259    
 -7.37710       6.32969      -2.85623    
 -8.02066       6.62261      -2.14311    
 -8.58317       7.20912      -2.38280    
 -9.39441       7.68428      -2.80560    
 -10.3665       7.75201      -3.33529    
 -11.2431       8.19184      -3.54202    
 -12.2163       8.68845      -3.59456    
 -12.4674       9.50277      -4.13170    
 -12.2483       10.1843      -4.88954    
 -12.5329       10.6646      -5.62365    
 -13.0248       11.5864      -5.88648    
 -13.7366       12.0549      -5.66098    
 -14.0856       12.7441      -4.87462    
 -14.0776       13.7317      -4.15923    
 -14.3957       14.6789      -4.51504    
 -15.2951       14.9845      -4.87866    
 -16.0284       14.6014      -4.32798    
 -16.2409       14.1566      -3.52812    
 -16.4573       14.5230      -2.67683    
 -16.1901       15.5670      -2.49662    
 -15.8112       16.2301      -3.10303    
 -15.6370       15.7887      -4.10028    
 -15.3420       14.8080      -4.36766    
 -14.6828       14.2050      -4.58763    
 -13.6237       13.3613      -4.88121    
 -13.4380       12.3896      -5.24249    
 -13.3047       11.2875      -5.11804    
 -13.0255       10.2998      -5.13888    
 -12.6616       9.48340      -4.86700    
 -11.5976       8.77166      -4.70611    
 -10.6920       8.86550      -4.28975    
 -10.4682       8.67537      -3.34592    
 -10.2940       7.96724      -2.70770    
 -9.83442       7.34598      -2.11137    
 -9.42616       6.78729      -2.69697    
 -8.52497       6.87483      -2.90525    
 -7.32030       6.79377      -2.72235    
 -7.24209       6.38836      -1.91155    
 -6.85135       6.16154      -1.08086    
 -5.97893       5.75340      -1.32872    
 -5.38076       5.99742      -1.95570    
 -4.84860       6.14945      -2.75421    
 -4.61488       6.50969      -3.52351    
 -3.93907       7.16357      -3.97622    
 -3.71477       7.42635      -4.72682    
 -3.76542       7.78808      -5.58103    
 -4.01807       8.53472      -6.20606    
 -4.36394       9.41178      -6.87036    
 -3.55125       9.91880      -7.03705    
 -2.81554       9.86042      -6.35555    
 -3.50722       8.98656      -5.87292    
 -4.35402       8.45565      -5.74608    
 -4.34351       7.53119      -5.28600    
 -4.08927       6.72902      -4.56632    
 -3.47406       6.26476      -3.83719    
 -3.26335       5.39674      -3.27060    
 -3.98042       5.63948      -2.63835    
 -4.43604       6.58970      -2.66817    
 -5.24275       7.24510      -2.10342    
 -6.06173       6.76925      -1.59078    
 -6.67550       5.95159      -1.58985    
 -6.28240       4.89366      -1.73409    
 -5.92430       4.03250      -2.41475    
 -6.20402       3.31532      -3.08949    
 -6.84914       2.54548      -3.48000    
 -7.25667       1.62006      -3.53217    
 -7.13720      0.628246      -3.69887    
 -6.97507     -0.461783      -3.82830    
 -6.55020      -1.48946      -4.03840    
 -6.46384      -2.46449      -4.51571    
 -5.87042      -3.41537      -4.43861    
 -5.21482      -3.98462      -4.11647    
 -4.37436      -4.31060      -3.54633    
 -3.73812      -4.85347      -3.00277    
 -2.84138      -4.82969      -2.74228    
 -2.13948      -5.58058      -3.01379    
 -1.70069      -6.46567      -3.01996    
 -1.02770      -7.30870      -3.63287    
-0.633348      -8.26469      -3.96312    
-0.139611      -9.21377      -3.81480    
-0.962068E-01  -9.99055      -3.14747    
-0.302203      -10.8828      -2.73529    
-0.136996E-01  -11.4904      -2.00700    
 0.349096      -12.1771      -1.29856    
 0.369173      -13.2398      -1.02778    
-0.180538      -13.8985     -0.791754    
-0.817804      -14.6527     -0.359797    
 -1.35046      -15.2560      -1.14096    
 -1.74774      -15.8380      -1.76762    
 -2.07343      -16.5041      -2.59348    
 -3.19418      -16.6728      -2.83924    
 -4.38334      -16.5286      -3.13687    
 -5.23780      -16.3907      -3.78225    
 -6.15984      -16.2244      -3.52813    
 -6.93786      -16.8741      -3.12475    
 -7.03062      -17.0944      -2.03434    
 -7.26956      -17.1039      -1.17927    
 -7.92356      -16.7740     -0.561522    
 -8.53217      -16.9211      0.292834    
 -8.55101      -16.4811       1.35804    
 -8.23842      -15.6136       1.16324    
 -8.26100      -14.7362      0.725123    
 -9.11442      -14.2075      0.971703E-01
 -9.38233      -13.5223     -0.596135    
 -8.53951      -13.0177      -1.17826    
 -8.44239      -12.5422      -1.96009    
 -8.60310      -13.4866      -1.81786    
 -8.71563      -14.0404     -0.959837    
 -8.90805      -13.6257     -0.443099E-02
 -9.08213      -13.7537      0.848715    
 -9.01206      -14.5223       1.42942    
 -8.75212      -15.5680       1.11316    
 -8.08561      -16.3940      0.552928    
 -7.72181      -17.2169      0.215497E-01
 -8.03406      -17.4582     -0.951970    
 -7.67541      -16.7358      -1.78033    
 -6.94298      -16.3530      -2.47187    
 -6.20835      -17.0528      -2.71953    
 -5.57076      -17.2577      -3.18355    
 -4.75933      -17.1304      -3.69096    
 -3.97016      -16.6580      -3.97994    
 -3.25398      -15.9681      -3.68717    
 -2.69314      -16.2231      -2.83777    
 -2.50080      -15.7415      -2.18116    
 -1.93008      -16.3105      -1.42477    
 -1.02246      -15.8459      -1.47246    
-0.691695      -14.8823      -1.25682    
 -1.03101      -13.9999     -0.699379    
-0.589897      -13.1903     -0.507033    
 0.192543      -12.5862     -0.390015    
  1.18032      -12.1298      0.720525E-01
  2.13912      -12.1968      0.496767    
  2.89046      -12.9387      0.339423    
  3.38476      -13.6200      0.168869    
  3.70227      -14.6431      0.184836    
  3.67395      -15.6038      0.695044    
  4.00125      -16.2486       1.18153    
  4.75071      -16.8497       1.46262    
  5.33516      -17.4985      0.597411    
  5.62138      -18.1297     -0.264148    
  5.59359      -19.0734     -0.388677    
  5.09928      -19.8199     -0.899301    
  4.85753      -20.0879      -1.87459    
  4.77871      -20.1557      -2.87342    
  5.00684      -20.9342      -3.15197    
  4.55003      -21.8782      -3.47526    
  3.85886      -22.5361      -3.41934    
  3.28151      -21.8668      -4.02809    
  2.97890      -21.1075      -3.41425    
  3.78407      -20.8081      -2.71533    
  4.76442      -20.8151      -2.67129    
  5.43561      -20.1915      -1.84624    
  5.19460      -19.2780      -1.33335    
  4.92502      -18.4833     -0.698465    
  5.40657      -18.3793      0.138313    
  6.11885      -17.8914      0.446545    
  5.68001      -16.9889      0.481866    
  4.81978      -16.5845      0.213275    
  3.92647      -16.2628      0.144191    
  3.04396      -16.0072      0.408343    
  2.85875      -15.2893      0.882340    
  2.53393      -14.8161       1.80544    
  2.66448      -13.7089       1.89179    
  3.28809      -12.9875       1.62735    
  4.25411      -12.5318       2.00619    
  4.97592      -11.9530       2.49331    
  5.89473      -11.5828       2.39300    
  6.47996      -11.3980       2.84332    
  7.12401      -10.7923       2.94952    
  8.04699      -10.3042       2.93926    
  8.55037      -9.48206       3.40701    
  8.93378      -8.63449       3.73058    
  9.42157      -7.78417       4.15188    
  9.74630      -6.88765       4.52021    
  9.64781      -5.95109       5.03848    
  9.74655      -5.04562       5.17025    
  9.38164      -4.27172       4.84207    
  9.69805      -3.47575       4.28267    
  10.0460      -2.99010       3.57169    
  10.3075      -2.59069       2.83616    
  10.7874      -2.46765       2.14138    
  11.0579      -2.47159       1.09120    
  11.7848      -2.40317      0.207770    
  12.6971      -2.58505     -0.312995    
  13.4671      -2.02029     -0.889783    
  14.3075      -1.94064     -0.272182    
  14.6683      -1.20822      0.179776    
  15.0185     -0.623642      0.717773    
  15.2770     -0.254144       1.44705    
  15.7605     -0.192575       2.15694    
  16.6947     -0.588124       2.34651    
  17.5745     -0.573405       2.39926    
  18.2736      0.516223E-01   2.70502    
  18.7309      0.991252       3.16130    
  18.6440      0.835323       4.09669    
  19.5276      0.925810       4.71663    
  20.4712       1.44786       4.73707    
  21.3493       2.03968       4.79724    
  21.6267       2.84915       5.14953    
  22.6027       3.25340       5.38021    
  23.5469       2.93251       5.61405    
  24.3097       2.38803       5.05301    
  25.3105       2.51280       4.74237    
