  25.3911      0.807642       2.32588    
  26.1184       1.26975       2.54794    
  26.8482      0.980325       3.11074    
  27.8602      0.965670       3.61527    
  28.8247       1.00563       3.29938    
  28.4086       1.03100       2.53070    
  27.3976      0.902417       2.80052    
  26.4493      0.403588       2.95522    
  25.4620      0.804835       3.17506    
  24.6031      0.995852       3.25771    
  23.7978       1.05700       3.00707    
  22.8129      0.778450       3.02776    
  22.0291      0.274100       3.52528    
  21.1415      0.488604       4.04406    
  20.4453      0.841145       4.58971    
  19.7479       1.23778       4.07208    
  18.8755       1.67928       4.34806    
  18.0712       1.79260       4.08848    
  17.2692       1.79689       3.75957    
  16.3511       1.69372       3.40738    
  16.5407       1.49378       2.32733    
  17.0436       1.28749       1.51951    
  16.9997      0.846146      0.715494    
  16.9018     -0.512216E-01  0.333293    
  16.1954     -0.423447     -0.161894    
  15.5273     -0.796288     -0.835495    
  15.1740     -0.532557      -1.71323    
  14.9990      0.233007      -2.38305    
  14.3657      0.760284      -2.79940    
  13.9534       1.26884      -3.51804    
  13.5048       1.79527      -4.15894    
  13.2498       2.88640      -4.34681    
  12.9816       3.69560      -4.46433    
  12.5742       4.67553      -4.73795    
  12.5901       5.70335      -5.14686    
  12.7306       6.50056      -5.76455    
  12.8872       7.38009      -6.18857    
  13.2489       8.10027      -6.15175    
  13.8118       8.85289      -6.12831    
  13.9016       9.82079      -5.87508    
  13.7841       10.5966      -5.12189    
  12.9548       11.0061      -5.02139    
  12.0211       10.8146      -4.73380    
  11.2752       10.1631      -5.02552    
  10.4398       10.0280      -5.31856    
  9.39785       9.96034      -5.07330    
  8.47612       10.4229      -5.07558    
  7.62711       10.7773      -5.19000    
  6.51758       11.2211      -5.00451    
  5.66966       10.9109      -4.74773    
  4.68689       10.6349      -5.05023    
  3.74974       11.1521      -4.97289    
  3.01810       11.9916      -4.44138    
  3.41697       12.5314      -3.91296    
  3.88059       13.0018      -3.13562    
  3.39369       13.6510      -2.36730    
  2.73704       14.1843      -2.15768    
  2.11653       14.9795      -2.18934    
  1.67304       15.7307      -1.52110    
  1.84755       16.3779     -0.861090    
  2.53555       17.1589     -0.582419    
  2.46333       18.1418     -0.684316    
  2.60275       19.2167     -0.656553    
  3.05326       19.9785     -0.262016    
  2.63847       20.3726      0.832704    
  3.76040       20.4566       1.24640    
  4.49115       20.9754       1.54151    
  5.00664       21.1138       2.07185    
  5.98691       21.3012       2.32666    
  7.02145       21.3903       2.50578    
  8.05166       21.5704       2.37726    
  8.35805       21.9285       1.41973    
  7.58842       21.3624      0.937255    
  7.03909       20.4913      0.882285    
  6.27571       20.2841       1.27452    
  5.56646       20.2357       2.10198    
  5.13937       21.0864       2.68564    
  4.25344       21.6302       2.34022    
  3.82246       21.5457       1.41795    
  3.35633       20.8613      0.805714    
  3.04061       19.9380      0.525389    
  2.58701       19.0425      0.287758    
  2.14752       18.3113     -0.119949    
  1.86025       17.5044     -0.934270    
  2.09579       16.7767      -1.35497    
  2.13277       15.8491      -1.56191    
  2.51897       14.9378      -1.59799    
  2.56496       13.8078      -1.70959    
  2.82823       13.2956      -2.69792    
  3.62967       13.4141      -3.32967    
  4.43595       13.0536      -3.52155    
  4.39009       12.1864      -3.50587    
  4.21511       11.4901      -4.10609    
  3.33876       11.0536      -4.52627    
  2.36277       10.4770      -4.85843    
  1.50960       10.3171      -5.18489    
 0.513898       10.0791      -5.11241    
-0.167465       9.40211      -5.25852    
-0.509164       8.67853      -4.56758    
-0.890045       7.99973      -4.18233    
-0.930924       6.97865      -3.68919    
 -1.63828       6.29269      -3.40415    
 -2.47576       6.32995      -3.98251    
 -3.19737       6.53461      -4.70774    
 -4.09514       7.08848      -5.17126    
 -5.11042       7.03058      -5.14232    
 -6.18856       7.31226      -4.70021    
 -6.80266       7.37767      -4.00505    
 -7.73193       7.66500      -3.30443    
 -8.73007       8.03113      -2.75375    
 -9.21595       9.09440      -2.71534    
 -9.99416       9.53063      -3.01359    
 -10.7453       9.40365      -3.51918    
 -11.3483       9.06536      -4.21533    
 -12.2036       9.37454      -4.04339    
 -12.6726       10.1612      -3.73410    
 -13.3432       10.8247      -3.54975    
 -13.7594       11.6387      -4.09681    
 -14.5595       11.4286      -4.71296    
 -15.4939       11.2301      -4.51566    
 -16.1569       11.9420      -3.81768    
 -15.7763       12.9179      -3.82108    
 -15.0539       13.7448      -4.13413    
 -14.4777       14.4052      -4.11308    
 -13.9615       15.2352      -3.90983    
 -13.0273       15.0919      -3.30408    
 -13.5875       14.2793      -3.00154    
 -14.6434       13.8987      -3.12243    
 -15.7959       13.8941      -3.48510    
 -16.4332       13.2470      -3.94407    
 -16.2479       12.4730      -4.41109    
 -15.4786       11.7072      -4.37017    
 -14.8528       11.1361      -4.07700    
 -13.9149       10.9487      -4.43239    
 -13.0251       10.5696      -4.31207    
 -12.0127       10.3749      -4.14840    
 -11.4254       10.0166      -3.49604    
 -11.0167       9.06399      -3.26124    
 -10.1544       8.71680      -3.82613    
 -9.29286       8.11101      -3.74824    
 -8.32384       8.10036      -3.55703    
 -7.52753       8.36479      -3.08693    
 -6.70087       8.53857      -2.68124    
 -5.89465       8.04718      -2.73605    
 -5.47369       7.33713      -3.18346    
 -5.03680       6.33886      -3.07055    
 -4.30169       5.91029      -3.65426    
 -3.49596       5.91422      -4.07011    
 -2.81150       5.95151      -4.77782    
 -2.28126       6.31146      -5.51082    
 -1.90936       6.52143      -6.45814    
 -2.35779       6.65853      -7.25167    
 -3.37090       7.37867      -7.67010    
 -3.74286       7.70710      -8.46314    
 -3.69627       8.11270      -9.36451    
 -2.75011       8.29394      -9.59756    
 -2.24803       7.49175      -9.04974    
 -2.46256       7.79814      -7.88775    
 -2.71829       7.27860      -7.01282    
 -3.10536       6.78563      -6.06277    
 -2.82951       5.89004      -5.49030    
 -2.53231       5.03671      -5.04464    
 -3.05479       5.06621      -4.25275    
 -3.01377       6.00728      -3.67037    
 -3.68466       6.85849      -3.49466    
 -4.69070       6.76611      -3.96894    
 -5.69461       5.97861      -3.69507    
 -6.04496       5.20133      -3.58096    
 -5.63016       4.46042      -3.41832    
 -5.01595       3.74723      -3.56612    
 -4.74843       3.03925      -4.19743    
 -5.00210       2.07161      -4.79884    
 -5.31419       1.12339      -4.89636    
 -5.25922      0.227427      -5.12213    
 -4.63418     -0.565429      -5.17742    
 -4.15334      -1.21471      -5.73865    
 -3.71272      -2.09955      -5.80774    
 -3.53903      -2.98891      -5.58151    
 -3.10269      -3.64771      -4.99885    
 -3.17500      -4.65869      -4.68543    
 -2.66111      -5.62207      -4.40296    
 -2.21017      -6.47575      -3.85176    
 -1.87612      -7.57521      -3.79469    
 -1.08797      -8.10281      -4.11901    
-0.592785      -8.88303      -4.48315    
-0.457889      -9.80772      -3.91916    
 0.134738      -10.4285      -3.61439    
  1.12295      -10.7265      -2.93328    
  1.87232      -11.1322      -2.40089    
  2.05245      -11.4154      -1.50534    
  2.09614      -12.5630      -1.12669    
  1.39220      -13.2729     -0.393959    
 0.363061      -13.5869     -0.661940    
-0.250942      -14.2230      -1.14650    
-0.879373      -14.9229      -1.15919    
 -1.67863      -15.3916      -1.14687    
 -2.54251      -15.3592      -1.54927    
 -3.37941      -15.4911      -2.05324    
 -3.99631      -15.3341      -2.90307    
 -4.78770      -15.4154      -3.13553    
 -5.50135      -15.9193      -2.64042    
 -6.35192      -16.0119      -2.02831    
 -7.37874      -15.7459      -1.91165    
 -8.33142      -15.1486      -1.93122    
 -8.88573      -14.5773      -1.33325    
 -8.63936      -13.6951     -0.637005    
 -8.04352      -13.1448     -0.785843E-02
 -7.55779      -12.3861     -0.326299    
 -7.83461      -11.6443     -0.852563    
 -8.52365      -10.7954     -0.986158    
 -9.28837      -10.0302     -0.807823    
 -9.53148      -9.18197      -1.47274    
 -9.21272      -8.44602      -2.14813    
 -8.50965      -8.08639      -2.78957    
 -7.97919      -8.89380      -2.45527    
 -7.73962      -9.51006      -1.73397    
 -7.85290      -10.3089     -0.855250    
 -8.00616      -11.0948     -0.353639    
 -8.62824      -12.0242     -0.363639    
 -8.52925      -12.9083     -0.864708    
 -8.29880      -13.7592      -1.12179    
 -8.27089      -14.7627      -1.32513    
 -7.86372      -15.7624      -1.22994    
 -7.31581      -16.3644      -1.85848    
 -7.00175      -16.1564      -2.60577    
 -6.43999      -15.4672      -2.42408    
 -5.56138      -15.5838      -1.71045    
 -4.53918      -16.0841      -2.03727    
 -3.62104      -16.2634      -2.50515    
 -2.76095      -15.6173      -2.55949    
 -2.07555      -15.2519      -1.93203    
 -1.69164      -14.6544      -1.06925    
-0.731131      -14.8046     -0.541992    
 0.238829      -14.2075     -0.440327    
  1.01712      -13.6459     -0.813091    
  1.13072      -12.6024     -0.828116    
  1.99482      -12.3304     -0.257530    
  3.08762      -11.9775      0.265901    
  4.09625      -12.0112      0.734111E-01
  4.87513      -12.3751      0.373505    
  5.60873      -12.9859      0.201619E-01
  5.23716      -13.4674     -0.790789    
  4.81032      -14.2833      -1.49227    
  5.06991      -15.2503      -2.03174    
  5.37186      -16.2496      -2.10249    
  5.20462      -16.9294      -2.48959    
  4.91610      -17.9834      -2.77524    
  4.65080      -18.6156      -3.70981    
  5.31188      -19.2398      -4.01408    
  5.45686      -20.3439      -3.93204    
  5.26242      -21.2630      -3.51083    
  4.89741      -22.3367      -3.33553    
  4.42448      -23.2198      -4.03194    
  4.78720      -23.4697      -5.03618    
  5.02911      -22.7028      -5.61219    
  5.10939      -21.7612      -5.23210    
  4.65586      -20.9835      -4.90588    
  4.35107      -20.1342      -4.27331    
  4.89402      -19.5878      -3.65339    
  5.44075      -18.5623      -3.45001    
  5.27343      -17.7148      -3.44584    
  4.51478      -17.1368      -2.89148    
  4.67159      -16.5431      -2.41894    
  5.16100      -16.5067      -1.51777    
  5.37433      -15.6045      -1.15007    
  5.66045      -14.7198      -1.47725    
  5.72263      -13.8307      -1.94603    
  4.58448      -13.6668      -2.00499    
  3.96186      -13.4342      -1.20127    
  3.56084      -13.2031     -0.117921    
  2.95298      -13.3375      0.715965    
  3.10517      -13.0377       1.46713    
  2.96900      -12.1718       1.88459    
  2.97993      -11.1945       2.33098    
  3.67237      -10.6252       2.84228    
  4.71466      -10.2137       2.60888    
  4.99748      -9.31254       2.19172    
  5.28718      -8.58553       1.59795    
  5.94603      -8.05090       1.21412    
  6.65257      -7.24583       1.44075    
  7.29981      -6.42290       1.62812    
  7.11681      -5.40185       2.00664    
  7.54163      -4.35489       2.00909    
  8.20034      -3.61197       1.65073    
  9.17428      -3.25675       1.46093    
  9.75499      -2.79815      0.805410    
  9.76316      -2.63681     -0.296707    
  10.4340      -2.49959     -0.992116    
  11.1739      -2.08283      -1.29377    
  12.2403      -1.87749      -1.49299    
  13.3528      -2.00919      -1.45465    
  14.2790      -1.95777      -1.35358    
  15.1376      -1.85238      -1.20513    
  15.8737      -1.18664      -1.17308    
  16.1172     -0.744702E-01 -0.686439    
  16.4160      0.497277      0.184996E-01
  16.3707      0.634355       1.04029    
  16.6578      0.491659       2.04333    
  17.0400       1.22292       2.81009    
  17.4878       2.14899       3.28167    
  17.4558       2.21404       4.29729    
  17.6020       1.57355       4.97484    
  18.3941      0.948091       5.17835    
  19.2679      0.770941       4.45705    
  20.2944      0.725136       3.93008    
  21.1951       1.02526       3.74639    
  22.1405       1.07867       3.90611    
  23.0843      0.627369       3.52523    
  23.6620      0.338233       2.86536    
  24.6046      0.472034       2.46235    
