  23.7039      -1.85793       3.64604    
  24.5789      -1.16386       3.97236    
  25.5525     -0.658584       4.33439    
  26.3911     -0.687520       4.00020    
  26.5715      -1.54212       3.69698    
  25.6308      -1.81559       3.90844    
  24.5815      -1.71626       4.32258    
  23.7567      -1.19973       4.22275    
  22.8841      -1.31330       3.76270    
  22.1792      -1.76512       4.12865    
  21.1997      -1.77860       4.27975    
  20.2214      -1.52908       4.23990    
  19.8762     -0.226109       3.92003    
  19.7809      0.313655       3.22788    
  19.8678      0.695797       2.15659    
  19.4710       1.08627       1.43485    
  19.0723       1.90754       1.65018    
  19.0844       2.82489       1.61298    
  19.2870       3.81403       1.17443    
  19.1516       4.71850      0.868217    
  18.6334       5.25329      0.356538    
  18.2819       4.71182     -0.400077    
  18.1416       3.42563     -0.414375    
  17.3558       2.76432     -0.445811    
  16.2551       2.31033     -0.270725    
  15.2073       2.27626     -0.385403    
  14.0364       2.03707     -0.547193    
  13.4303       1.43571      -1.19087    
  13.0606       1.76471      -1.87331    
  12.8466       2.02356      -2.80948    
  12.3053       1.93245      -3.54567    
  12.3754       1.92494      -4.37073    
  12.7564       1.57002      -5.44029    
  13.3886       1.80763      -6.01956    
  13.8312       2.50662      -6.60721    
  14.1176       3.44905      -6.38777    
  14.6987       4.23058      -6.18800    
  14.5950       5.38898      -6.20391    
  14.0172       6.36551      -6.30930    
  13.1231       6.73978      -5.87453    
  12.3568       7.44695      -5.78571    
  11.1993       7.75395      -5.77244    
  10.6484       8.10019      -6.21853    
  9.84145       8.75781      -6.53358    
  8.84211       9.24838      -6.29603    
  7.82726       8.89323      -6.48428    
  6.80375       9.09293      -6.83405    
  5.60693       9.26421      -6.94096    
  4.49896       9.09728      -6.69377    
  3.53383       9.44709      -6.59892    
  2.59200       9.90246      -6.44916    
  1.92359       10.6545      -6.78429    
  1.97468       11.7088      -6.51681    
  1.69801       12.1178      -5.61076    
  1.71223       12.9596      -5.16799    
  2.19468       13.9491      -4.84128    
  1.70150       14.8509      -5.39502    
  1.10497       15.5377      -5.25172    
  1.18512       15.7957      -4.26412    
  1.48022       16.1995      -3.40564    
  2.04154       16.9587      -2.92735    
  2.32787       17.2489      -1.97332    
  2.18617       17.5273      -1.05040    
  1.69138       18.4769     -0.940560    
  1.14964       18.8912     -0.736964E-02
  1.92370       19.2160      0.876971    
  2.95513       19.7238       1.00535    
  3.65470       20.4583      0.929954    
  4.73821       20.8889      0.976001    
  5.04276       21.6997       1.70003    
  5.65655       22.4150       2.23002    
  6.43031       22.1947       1.44452    
  6.11104       21.6431      0.446977    
  5.72820       20.7514      0.423408    
  4.98037       20.2294      0.987054    
  4.18635       19.9633       1.31363    
  3.23976       20.1025       1.44125    
  2.46650       20.4170      0.918757    
  1.82508       19.9698      0.333224    
  1.81333       18.9427      0.188372    
  1.62617       18.0084      0.128845    
  1.55626       17.1229     -0.483723    
  1.60979       17.1474      -1.42408    
  1.34113       17.2046      -2.22104    
 0.914276       17.0723      -3.14733    
  1.44915       16.6131      -4.04041    
  1.84561       15.5952      -4.28625    
  1.45625       14.7323      -4.77927    
  1.43860       14.0041      -5.48848    
  1.49808       13.1120      -5.68265    
  2.31712       12.5191      -5.81738    
  2.54845       11.4315      -5.56550    
  2.09825       10.3133      -5.76468    
  1.74346       9.47896      -6.26222    
 0.943861       8.88330      -6.14966    
 0.102347       8.87512      -6.15727    
-0.901796       9.02587      -6.11658    
 -1.90544       8.79005      -6.04754    
 -2.75545       8.02172      -5.76546    
 -3.60710       7.90990      -5.30901    
 -3.90012       7.49946      -4.59920    
 -4.02576       6.75006      -4.14427    
 -4.21917       5.97732      -3.51513    
 -4.33818       5.10839      -3.59964    
 -4.81010       4.47935      -4.27121    
 -5.74138       4.21265      -4.83555    
 -6.78583       4.46553      -5.19898    
 -7.44678       5.04943      -4.85848    
 -7.55752       6.05458      -4.14091    
 -8.41940       6.88680      -4.40742    
 -9.37312       7.22106      -4.68656    
 -10.4175       7.35928      -4.61564    
 -11.2918       7.48846      -4.36040    
 -11.8863       8.40099      -4.25254    
 -12.9005       9.17460      -4.31734    
 -13.5311       9.27880      -5.04703    
 -14.1621       9.45425      -5.77118    
 -13.7385       9.95885      -6.54986    
 -13.7395       10.9300      -6.86753    
 -13.5745       11.9350      -6.79793    
 -14.0022       12.9942      -6.75353    
 -14.3726       13.7395      -6.72434    
 -14.5233       14.6288      -6.21063    
 -14.3518       15.3751      -5.55450    
 -13.5595       15.1152      -4.97368    
 -12.9901       14.1799      -5.21105    
 -13.1621       13.2125      -5.43375    
 -13.9770       12.8058      -5.92602    
 -14.3898       12.5037      -6.85938    
 -13.7581       12.2452      -7.61587    
 -13.0358       11.5645      -7.37662    
 -12.8416       10.7835      -6.87644    
 -13.1229       10.4246      -5.93864    
 -13.5685       9.97094      -5.23100    
 -13.9251       9.57939      -4.38148    
 -13.5673       9.04144      -3.81959    
 -12.9381       8.24546      -4.10424    
 -12.0902       8.18116      -4.74021    
 -10.8243       8.29640      -4.67322    
 -9.97809       8.23242      -3.95571    
 -9.25095       7.72296      -3.67073    
 -9.27989       6.84452      -4.30178    
 -8.31839       6.16217      -4.29143    
 -7.48884       6.17533      -4.87231    
 -6.55957       5.96929      -5.01452    
 -5.81750       6.05133      -4.20993    
 -5.13608       5.54284      -3.69722    
 -4.46632       5.46851      -3.09360    
 -3.60867       6.02720      -2.53275    
 -2.67051       6.14639      -2.73996    
 -1.91849       5.67977      -3.19432    
 -1.36850       5.60326      -3.92648    
 -2.04386       5.84580      -4.86602    
 -2.42993       5.76021      -5.92873    
 -2.18308       5.96410      -6.88947    
 -1.19339       5.85394      -6.65922    
-0.944912       5.86623      -5.49899    
-0.867277       6.26189      -4.52536    
 -1.66454       6.34593      -4.00365    
 -2.59686       6.15458      -3.52452    
 -2.97404       5.69856      -2.89114    
 -3.74745       5.11826      -2.32667    
 -4.70483       5.51776      -2.63941    
 -4.69851       6.28972      -3.63600    
 -4.90176       6.10820      -4.55808    
 -5.62824       5.60914      -4.99372    
 -6.33435       5.35163      -4.41368    
 -5.87843       4.83077      -3.73213    
 -4.98284       4.97382      -3.38263    
 -4.00797       4.37527      -3.48989    
 -3.20987       3.45555      -3.39719    
 -2.88366       2.75200      -4.04814    
 -2.67121       1.94351      -4.20852    
 -2.38148       1.02491      -4.74084    
 -2.37782      0.322399E-01  -4.51446    
 -2.39873     -0.916712      -4.31143    
 -2.78595      -1.80507      -3.88887    
 -3.01944      -2.81579      -3.75901    
 -2.82797      -3.62540      -3.39957    
 -2.07493      -4.20723      -3.28275    
 -1.91004      -5.15634      -3.50437    
 -1.41216      -5.89407      -3.09764    
-0.522928      -6.15719      -2.65501    
 0.507535      -6.03293      -2.44591    
  1.54246      -6.06230      -2.52712    
  2.44193      -6.56702      -1.90816    
  2.65554      -7.57946      -1.22106    
  2.70143      -8.54182      -1.20025    
  2.37177      -9.40101     -0.803080    
  1.99256      -10.3767     -0.921469    
  1.84098      -11.4632     -0.806457    
  1.10811      -12.0706     -0.444151    
 0.266779      -12.6157     -0.917010    
-0.162160      -12.9801      -1.76217    
-0.785651      -13.3254      -2.62671    
 -1.79753      -13.6122      -3.07772    
 -2.77935      -13.7423      -2.98672    
 -3.65008      -13.2298      -3.07308    
 -4.25180      -13.8374      -3.69487    
 -5.12266      -14.1194      -3.90119    
 -5.77500      -14.5420      -3.26993    
 -6.00053      -13.8641      -2.58189    
 -5.89890      -12.9100      -2.09641    
 -6.16344      -12.0004      -2.44365    
 -7.00693      -11.5577      -2.17712    
 -7.15863      -11.1325      -1.25596    
 -7.16492      -10.1742      -1.02670    
 -6.95407      -9.62084      -1.90193    
 -7.47748      -8.91262      -2.51049    
 -7.94007      -8.11065      -2.67996    
 -8.38055      -7.35968      -2.75718    
 -8.08136      -6.49394      -2.25337    
 -7.25195      -6.03935      -1.76414    
 -6.33789      -5.82044      -1.41476    
 -5.38402      -5.78020      -1.28650    
 -5.41081      -6.33593      -2.16861    
 -6.24579      -7.12755      -2.16512    
 -6.58587      -8.09561      -2.00436    
 -7.44495      -8.59069      -1.82419    
 -8.16955      -9.27743      -1.75088    
 -7.51146      -10.3505      -1.85283    
 -6.74381      -10.9719      -1.74368    
 -6.19675      -11.8511      -1.46106    
 -6.46752      -12.7865      -2.01698    
 -6.07895      -13.4324      -2.90393    
 -5.36894      -14.2480      -3.03987    
 -4.40326      -14.5525      -3.27557    
 -3.50449      -14.0889      -3.53672    
 -2.66374      -13.4248      -3.47796    
 -1.82748      -13.2004      -2.71474    
 -1.03225      -13.6710      -2.14401    
 0.155890      -13.7201      -1.91197    
 0.773640      -12.9978      -1.74913    
 0.907839      -12.1378      -1.33958    
 0.997559      -11.3515     -0.727758    
  1.85386      -10.7204     -0.391534    
  2.90763      -10.8338      0.131395E-01
  3.59774      -11.3245      0.535494    
  4.09434      -12.1922      0.578464    
  3.79694      -13.1303      0.831795E-01
  3.89187      -13.4072     -0.950445    
  4.46808      -13.9175      -1.89624    
  5.17727      -14.1771      -2.20983    
  5.87225      -14.9778      -2.41998    
  5.95114      -16.0038      -2.21345    
  6.18129      -16.8284      -2.64926    
  5.73391      -17.6050      -3.19638    
  5.63490      -18.5323      -3.68371    
  5.72858      -19.0860      -4.43558    
  5.71391      -20.0240      -4.67228    
  5.26670      -20.8838      -4.70928    
  4.39613      -21.3024      -4.93009    
  3.66081      -21.8468      -5.39193    
  3.13611      -22.5871      -5.92896    
  3.09974      -23.4875      -6.02354    
  3.53866      -23.1192      -5.45882    
  4.17120      -22.3586      -5.63818    
  4.33645      -21.2406      -5.50186    
  4.13556      -20.5062      -4.66323    
  4.23911      -20.0693      -4.03055    
  5.01732      -19.5102      -3.97815    
  6.02173      -19.2367      -3.87013    
  6.50757      -18.5181      -4.00071    
  6.26325      -17.5384      -3.72624    
  5.78939      -16.6368      -3.50389    
  5.04577      -15.9493      -2.92505    
  5.12253      -15.2776      -2.08490    
  4.94636      -14.6220      -1.64004    
  4.64305      -13.6681     -0.963613    
  4.17148      -12.8819     -0.290885    
  3.40590      -12.2046      0.184557    
  2.91748      -11.5285      0.850950    
  2.61330      -10.8851      0.717185    
  2.90568      -9.91860      0.648570    
  3.59583      -9.15498      0.818417    
  4.12404      -8.35051      0.769800    
  5.09801      -8.02283      0.942095    
  5.94680      -7.65774      0.800672    
  6.80760      -7.18116       1.06566    
  7.18232      -6.30628       1.38642    
  7.49412      -5.43289       1.17804    
  7.55257      -4.86429      0.252578    
  7.48887      -4.28646     -0.371992    
  7.87467      -3.54912     -0.993795    
  8.46166      -2.86967      -1.20322    
  8.89764      -2.03539      -1.20678    
  9.50302      -1.52845     -0.962990    
  9.87185     -0.662245      -1.46517    
  10.1389     -0.509611E-02  -2.34317    
  10.9320      0.280299      -3.20282    
  11.9303      0.641672      -3.39311    
  13.1117       1.05780      -3.05848    
  13.7797       1.55461      -2.58578    
  14.1752       2.08017      -1.95565    
  14.3189       2.25749      -1.07957    
  15.2296       2.82951     -0.880699    
  15.9215       3.27012     -0.196056    
  16.8235       3.54184      0.155410    
  17.5585       3.48832      0.740179    
  18.5126       3.66286       1.14934    
  19.4472       3.46295      0.766864    
  20.0297       2.59679      0.887494    
  19.8232       1.77648       1.57459    
  19.5977       1.08849       2.30934    
  19.1453      0.358850       2.93495    
  19.6784     -0.490496       3.14880    
  20.1217      -1.05544       3.71307    
  21.0427      -1.06665       4.47578    
  21.9446      -1.45483       4.58516    
  22.9618      -1.85544       4.37304    
