  22.5073      -1.14065       3.41167    
  23.3075      -1.03463       2.86055    
  24.1603      -1.47160       2.47268    
  24.6809      -2.09131       1.96771    
  24.1830      -2.55759       1.35760    
  23.1813      -2.70922       1.51973    
  22.8517      -2.31748       2.20190    
  22.7451      -1.98111       2.85960    
  23.1297      -1.56210       3.68408    
  22.8992     -0.604307       4.22642    
  22.4139      0.123552       4.75358    
  21.2864      0.296271       4.34046    
  20.6313     -0.205685       3.95325    
  19.8611     -0.121384       3.27820    
  19.5549      0.910479       3.30755    
  19.8010       1.79763       3.00640    
  19.7976       2.39733       2.17823    
  19.4141       3.18145       1.51653    
  18.7496       3.84055       1.06798    
  18.0116       4.62060       1.19774    
  18.1367       5.71845       1.05756    
  17.4920       5.65618      0.508408    
  17.1453       4.94919     -0.215133    
  16.5992       4.03538     -0.383379    
  15.7200       3.44435     -0.275130    
  14.8319       2.91305     -0.254736    
  14.0778       2.79267     -0.343087    
  13.2778       2.80898     -0.843890    
  12.5304       2.96215      -1.63045    
  12.5774       2.54010      -2.34507    
  12.5449       2.02285      -3.14984    
  12.6099       1.26387      -3.90470    
  12.8513       1.21309      -4.89781    
  13.0940       1.78935      -5.88362    
  13.2224       2.39489      -6.60835    
  13.2316       3.16047      -7.17086    
  12.8950       4.04206      -6.96704    
  12.6271       4.85463      -6.64081    
  11.8665       5.40892      -6.74173    
  11.2711       5.97415      -7.08311    
  10.6675       6.91682      -7.19561    
  10.2097       7.49473      -6.79729    
  9.57811       8.01621      -6.31327    
  8.63696       8.86770      -6.36889    
  7.85146       9.53743      -6.40285    
  7.35151       10.3701      -6.70851    
  6.55597       10.7064      -7.03182    
  5.42290       10.6757      -7.35367    
  4.75305       11.4341      -7.11689    
  3.79599       11.6036      -6.87988    
  3.00869       12.0664      -7.38864    
  2.81032       12.8319      -7.11435    
  3.03670       13.7042      -6.44992    
  3.61753       14.5102      -6.77629    
  3.73651       15.4045      -7.05599    
  3.03514       16.2002      -7.07449    
  2.22464       16.3625      -6.51355    
  1.47116       16.7247      -5.84286    
  1.31607       17.1922      -4.89728    
  1.33285       18.2224      -4.55223    
  1.86781       19.1918      -4.14805    
  1.85522       20.2257      -3.68491    
  2.13912       20.3704      -2.53953    
  2.21299       20.3714      -1.50864    
  2.88234       19.7844     -0.801303    
  3.75516       19.6562     -0.134206    
  4.76469       19.8089     -0.390878E-01
  5.42302       20.5296     -0.120492    
  6.37683       20.8095     -0.764911    
  7.12600       21.3168      -1.29885    
  7.28654       22.3569      -1.24116    
  6.27909       22.1487      -1.18993    
  5.59260       21.3031      -1.42596    
  4.91620       20.7065      -1.16053    
  4.41055       19.7381     -0.969058    
  4.50567       19.2855     -0.573593E-01
  3.54403       19.3833      0.450642    
  2.96665       20.0478      0.232045E-01
  2.73368       20.3835      -1.11449    
  2.68608       20.3760      -2.17549    
  2.10474       19.6508      -2.74566    
  1.45622       19.3160      -3.56510    
 0.677598       18.8565      -4.17029    
 0.235778       18.1393      -4.82862    
  1.00158       17.8499      -5.43276    
  1.99210       17.6718      -5.71310    
  2.69505       17.2133      -5.83396    
  3.00311       16.4064      -6.28402    
  3.04647       15.6185      -6.78074    
  2.86946       14.8410      -7.16955    
  3.12984       13.8219      -7.32106    
  3.52033       13.0192      -7.03441    
  3.68636       12.2432      -6.57854    
  3.24168       11.3871      -6.15533    
  2.68267       10.5909      -5.58758    
  1.87436       10.0108      -5.47936    
 0.993285       9.46037      -5.76858    
 0.262947       8.70258      -6.08731    
-0.463987       7.84341      -6.17178    
 -1.16762       7.00932      -6.30640    
 -2.01681       6.60258      -6.07059    
 -2.71244       5.92993      -5.77258    
 -3.79017       5.70236      -5.43999    
 -4.75095       5.13665      -5.30198    
 -5.63846       4.88531      -4.92961    
 -6.40512       5.18398      -4.24466    
 -7.39978       5.16777      -3.98015    
 -8.09771       5.73448      -4.42742    
 -9.13383       5.49779      -4.32628    
 -10.1657       5.52483      -3.96471    
 -10.9701       6.00545      -3.52869    
 -11.7562       6.37073      -3.68474    
 -12.5062       7.01467      -4.19385    
 -13.1461       7.65772      -4.57428    
 -13.9830       7.87609      -4.71828    
 -14.5865       8.70846      -4.96546    
 -14.5370       9.64692      -5.31981    
 -14.4727       10.3290      -5.92587    
 -14.3364       11.0284      -6.66513    
 -13.4465       11.5531      -7.23101    
 -12.8939       12.3835      -7.17812    
 -12.9408       12.6318      -6.27175    
 -12.6482       12.3420      -5.24266    
 -12.0118       11.6848      -4.76206    
 -11.1864       11.7740      -4.59553    
 -11.7349       12.1320      -5.30042    
 -12.5173       11.9750      -5.98490    
 -13.3664       12.3121      -6.68306    
 -13.9328       12.5600      -7.59577    
 -14.9576       12.6155      -7.57897    
 -15.5370       12.0301      -7.47020    
 -15.7702       11.2402      -7.06395    
 -15.6802       10.3731      -6.58308    
 -14.8839       9.58684      -6.53707    
 -14.4151       9.28826      -5.85340    
 -13.6942       8.98854      -4.91338    
 -13.2645       8.53471      -4.13110    
 -13.0172       7.56690      -3.68397    
 -13.0000       6.68693      -4.02900    
 -11.9396       6.17335      -4.18702    
 -11.1246       6.29836      -4.18271    
 -10.1724       6.13800      -3.93711    
 -9.22840       5.98018      -3.60850    
 -8.62777       5.31370      -3.95430    
 -8.13071       5.09814      -4.64200    
 -7.29432       5.40029      -4.90929    
 -6.41688       5.98459      -5.08914    
 -5.37910       6.28718      -5.05049    
 -4.44523       6.45270      -5.06768    
 -3.49464       6.37527      -4.53681    
 -2.95578       6.08523      -3.63801    
 -2.43099       5.32834      -3.84376    
 -2.22244       4.73223      -4.71939    
 -1.90755       4.17397      -5.39414    
 -1.05477       4.40492      -6.02579    
-0.630969       5.01673      -5.26941    
 -1.19496       5.83923      -4.66251    
 -1.99470       6.09568      -4.14026    
 -3.03706       5.92613      -4.49656    
 -3.85076       5.72102      -3.93711    
 -4.38393       6.51101      -4.42938    
 -4.77490       7.02638      -5.21981    
 -5.36142       6.52247      -5.85222    
 -6.09336       6.20132      -6.19660    
 -6.80100       5.50351      -6.04798    
 -6.63629       5.43142      -5.16735    
 -5.83419       5.58669      -4.76192    
 -4.85260       5.20347      -4.29946    
 -4.00912       4.57682      -4.30230    
 -3.01027       4.22461      -4.25881    
 -2.60254       3.27286      -3.78493    
 -2.64547       2.47366      -3.90997    
 -2.74759       1.33496      -4.02388    
 -2.54841      0.467952      -4.20721    
 -2.75393     -0.717934      -4.38428    
 -2.69064      -1.67619      -4.43649    
 -3.13719      -2.53443      -4.82915    
 -3.46253      -3.32355      -4.07242    
 -3.52886      -3.97027      -3.21273    
 -2.65268      -4.10689      -2.65733    
 -2.57835      -4.70696      -2.06758    
 -2.77174      -5.44809      -1.49050    
 -2.03518      -5.57345     -0.919926    
 -1.27171      -6.06485     -0.862805    
-0.594971      -6.67222     -0.538964    
 0.166491      -7.30829     -0.485748    
 0.843657      -7.93493     -0.744134    
 0.815994      -8.74109      -1.19484    
 0.699730      -9.84543      -1.33200    
 0.352741      -10.5008      -2.15490    
-0.591999      -11.1856      -2.36669    
 -1.26906      -11.8003      -2.14495    
 -2.00681      -12.3190      -2.25196    
 -2.58649      -12.8231      -2.88290    
 -3.28821      -13.0858      -3.66004    
 -3.95512      -13.8407      -4.07352    
 -4.13288      -14.7089      -3.68232    
 -3.89136      -15.4125      -2.87360    
 -4.22997      -15.2255      -1.96711    
 -5.31633      -14.7868      -2.05723    
 -6.25765      -14.3617      -2.01090    
 -7.07688      -13.8751      -1.79639    
 -7.32636      -13.2273      -1.04522    
 -7.57209      -12.3685     -0.798458    
 -8.00613      -11.7470      -1.31102    
 -8.36891      -11.0911      -2.01136    
 -8.96721      -10.3488      -1.83455    
 -9.02330      -9.46797      -1.69048    
 -8.30081      -8.59572      -1.26449    
 -7.34268      -7.97949      -1.28478    
 -7.01408      -6.87169      -1.37341    
 -7.37375      -5.92692      -1.70084    
 -7.40289      -5.05657      -2.11300    
 -6.85610      -5.56038      -2.63458    
 -6.37748      -5.80568      -1.86805    
 -6.52884      -5.75550     -0.937542    
 -7.20022      -6.30231     -0.416882    
 -7.70617      -7.05708     -0.795442    
 -8.24145      -7.83919      -1.50779    
 -8.46390      -8.78886      -1.82402    
 -8.43340      -9.79445      -1.64650    
 -8.56265      -10.9378      -1.26478    
 -8.39132      -12.0538      -1.14300    
 -7.46782      -12.7830      -1.47948    
 -6.69931      -13.4184      -1.53974    
 -6.48100      -14.3898      -1.21272    
 -5.76337      -15.0389      -1.66751    
 -5.32551      -15.2517      -2.57360    
 -4.74492      -14.6469      -3.16883    
 -3.88868      -13.9567      -3.24174    
 -2.90326      -13.6584      -3.72218    
 -2.19084      -13.0935      -3.51675    
 -1.93245      -12.3063      -2.99095    
 -1.82828      -11.2351      -2.43223    
 -1.39358      -11.3154      -1.54363    
-0.670270      -11.3594     -0.815348    
 0.468243      -11.3336     -0.820703    
  1.48291      -11.3758     -0.991526    
  2.39215      -12.1426      -1.08505    
  2.87474      -12.9226      -1.15140    
  2.85175      -13.9132     -0.779517    
  3.19448      -14.6317      0.307526E-01
  3.51812      -15.4976     -0.231397    
  4.15436      -16.4008     -0.519179    
  4.43609      -17.2202     -0.919762    
  3.97225      -17.6547      -1.49849    
  3.32422      -18.0153      -2.52064    
  2.90870      -18.8833      -2.80233    
  3.31874      -19.7728      -3.03431    
  3.44236      -20.7402      -3.31486    
  3.58781      -21.4556      -3.76510    
  4.08206      -21.2600      -4.52676    
  4.94887      -21.5520      -5.09014    
  5.80906      -21.8261      -5.54790    
  6.36351      -21.4359      -4.71844    
  5.41289      -21.4624      -4.13210    
  4.48557      -21.1465      -3.93546    
  3.57485      -20.7494      -3.83768    
  2.70772      -20.6290      -3.27348    
  2.23353      -20.5549      -2.16227    
  2.79559      -19.8619      -1.79831    
  3.50796      -19.2636      -1.92365    
  4.12055      -18.5728      -2.60886    
  3.98689      -17.5958      -2.40436    
  3.67815      -17.0761      -1.58406    
  3.77214      -17.1729     -0.600020    
  4.01392      -16.5799      0.154247    
  4.21527      -15.6396     -0.312164    
  3.80687      -14.8985     -0.725868    
  3.21987      -14.2038      -1.19852    
  2.30641      -13.7878      -1.12326    
  2.03936      -13.0680     -0.717714    
  1.78485      -12.1146     -0.311917    
  1.66911      -11.0220     -0.624124    
  1.64434      -10.1511     -0.500252    
  2.36340      -9.49809     -0.909574    
  3.30546      -9.30502     -0.947124    
  4.10772      -8.63635     -0.779608    
  4.80243      -7.97753     -0.639279    
  5.42281      -7.21892     -0.356975    
  5.99962      -6.24218     -0.605011    
  6.49994      -5.64757      -1.37963    
  6.98367      -4.88777      -2.01973    
  7.65729      -4.28161      -2.44450    
  7.60498      -3.41350      -2.90281    
  8.01338      -2.71629      -3.19645    
  8.19063      -1.80998      -3.30380    
  8.68120      -1.09792      -3.23334    
  9.50424     -0.469949      -3.04100    
  10.4278      0.883613E-01  -2.91435    
  11.3200      0.791123      -2.62615    
  12.1765       1.27723      -2.45146    
  12.8119       1.67041      -1.80768    
  13.6056       2.46437      -1.24928    
  14.2064       3.14626     -0.805977    
  14.7974       3.81913     -0.818535    
  15.5670       4.45487     -0.625180    
  16.4363       4.74796      0.224771    
  17.3822       4.89155      0.286408    
  18.4381       4.76222      0.671255    
  19.0187       4.46942       1.49632    
  19.1118       3.73334       1.94335    
  19.3865       2.70465       2.37913    
  19.4091       1.83239       2.33818    
  19.8626       1.01499       2.68063    
  20.0671      0.511043       3.66842    
  19.7763      0.234701       4.57325    
  20.3838     -0.769882       4.85859    
  21.4658     -0.890432       4.93143    
  21.9994      -1.08278       4.19523    
