  22.6842      -1.76967       3.32869    
  23.3811      -2.54710       3.30862    
  23.5914      -3.68574       3.31563    
  23.5525      -4.31309       2.46978    
  24.4804      -4.08040       2.46657    
  23.9371      -3.42962       2.57301    
  23.1200      -3.21126       2.93646    
  22.7381      -2.52144       3.53759    
  22.8654      -1.59206       3.78550    
  22.5275     -0.765023       3.50286    
  21.6607     -0.569062       3.46139    
  20.7706     -0.607957       3.93123    
  20.3270     -0.418961E-01   4.65388    
  19.8003      0.898433       4.78061    
  19.5804       1.85083       4.72929    
  19.3856       2.57430       3.96339    
  19.1974       3.32162       3.10640    
  18.5695       3.42483       2.41176    
  17.5775       3.35670       2.00122    
  16.7349       3.66330       1.74666    
  16.0759       4.46176       1.64938    
  15.2669       4.71225       1.24556    
  14.4763       4.15417      0.875641    
  14.4890       3.73350      0.263151E-01
  14.2218       3.38337     -0.871791    
  13.5993       2.92371      -1.28347    
  12.8102       2.35428     -0.952022    
  12.4086       1.71171      -1.49656    
  11.7011       1.75850      -2.35860    
  10.9472       1.97922      -3.02065    
  11.0368       2.37980      -4.09266    
  11.2342       2.69657      -5.13938    
  11.6924       2.93264      -5.89352    
  12.0575       3.52116      -6.76584    
  12.6744       4.25087      -7.31995    
  13.0321       4.91407      -7.60938    
  13.4812       5.72754      -7.72337    
  13.0504       6.57285      -7.13340    
  12.8570       7.44083      -7.08241    
  11.9736       7.44392      -6.64461    
  11.1552       7.13506      -6.54730    
  10.2389       7.26178      -6.38829    
  9.23951       7.31674      -6.15903    
  8.29538       7.21378      -6.41213    
  7.37495       7.47166      -6.92987    
  6.61122       8.21373      -7.05801    
  5.70193       8.79243      -7.18916    
  4.93118       9.06783      -7.72144    
  4.19523       9.58134      -7.44878    
  3.23374       9.99931      -7.64671    
  2.80609       10.7192      -7.60391    
  2.65655       11.5028      -7.21550    
  2.34765       12.5240      -7.06745    
  2.51890       13.4964      -6.96446    
  2.27606       14.5225      -6.89062    
  1.95028       15.4451      -6.65831    
  1.98520       15.8266      -5.77107    
  2.66849       15.9929      -5.10406    
  3.53460       16.6743      -4.96689    
  4.34120       17.4438      -4.87183    
  4.58247       18.1362      -4.52961    
  4.93440       18.6792      -3.91950    
  5.09631       19.1371      -2.99878    
  5.65619       19.1420      -2.11945    
  6.62994       18.9612      -1.74043    
  7.13402       19.4925      -1.06055    
  7.41351       20.2283     -0.168362    
  8.02619       20.7635      0.570096    
  8.66277       21.2443       1.07202    
  9.13727       22.0054       1.85649    
  8.36685       22.6489       2.00130    
  8.39239       22.8899      0.943753    
  8.51077       22.1716      0.261923    
  8.89124       21.0235      0.118198    
  8.39198       20.1471     -0.675272E-01
  7.81305       19.4920     -0.293515    
  6.87857       19.3229     -0.550119    
  6.51522       19.6879      -1.53506    
  6.01926       19.6860      -2.28407    
  5.67901       19.0596      -3.10369    
  5.39594       18.1184      -3.63986    
  4.35877       17.7581      -3.50297    
  3.73665       17.2265      -4.10676    
  3.22168       17.0467      -4.72543    
  2.71958       16.8780      -5.54005    
  2.48073       15.9119      -5.79274    
  2.23516       14.9183      -6.25216    
  1.90961       14.0229      -6.40186    
  2.12622       13.5424      -7.16704    
  2.57967       12.6595      -7.72730    
  3.09835       11.8537      -7.13331    
  2.74780       11.4669      -6.35690    
  2.36163       10.6801      -5.77641    
  2.36012       9.98412      -5.43643    
  1.62051       9.40358      -5.49565    
 0.762221       9.04268      -5.89317    
-0.787541E-01   8.52229      -5.93906    
-0.885842       8.06297      -6.13093    
 -1.60150       7.53258      -5.56330    
 -1.85678       6.57457      -5.38410    
 -2.82425       6.31894      -5.35549    
 -3.77208       6.52677      -5.19116    
 -4.67204       7.00561      -5.31025    
 -5.49817       6.57804      -4.97002    
 -6.32532       6.23901      -4.40883    
 -7.14291       6.68786      -3.94716    
 -8.30126       7.07409      -3.86327    
 -9.27477       6.68495      -4.07506    
 -10.0575       6.23963      -4.37433    
 -11.0624       6.19841      -4.05569    
 -12.1100       6.17107      -3.72179    
 -13.0797       6.47147      -3.99671    
 -14.3412       6.77489      -4.24770    
 -14.9840       6.95698      -4.98263    
 -15.7434       7.76674      -4.97063    
 -15.9824       8.47843      -5.27307    
 -15.9124       9.54598      -5.24921    
 -15.2931       10.2985      -5.10228    
 -15.1057       11.2309      -5.09529    
 -14.5963       12.2632      -4.85834    
 -13.5541       12.4706      -4.53832    
 -12.8028       12.8388      -4.17188    
 -12.0133       13.3792      -4.00862    
 -11.0102       13.7931      -4.19871    
 -11.2375       14.1858      -5.04003    
 -12.0328       13.9484      -5.59109    
 -12.4970       12.8867      -5.67501    
 -12.9250       12.0367      -5.40882    
 -13.6676       11.1869      -5.26078    
 -14.4229       10.8778      -4.63149    
 -15.3462       10.8300      -4.42231    
 -16.2067       10.9197      -5.19278    
 -16.3877       10.2497      -6.13168    
 -15.8150       9.57842      -6.53586    
 -15.1960       8.65613      -6.27774    
 -14.9989       8.39394      -5.44344    
 -15.1904       7.77899      -4.68995    
 -15.1807       6.76492      -4.18565    
 -14.3755       6.22372      -4.41398    
 -13.2381       6.16592      -4.40436    
 -12.5416       6.38418      -4.85592    
 -11.5407       6.66188      -4.43502    
 -10.7596       6.95508      -3.92581    
 -9.89105       6.45849      -3.71629    
 -8.96636       6.20155      -3.79970    
 -8.02941       6.16040      -4.21217    
 -7.27261       6.82157      -4.40388    
 -6.72859       7.68036      -4.25903    
 -5.89589       8.34668      -4.25824    
 -4.89522       8.29116      -4.16832    
 -4.05886       8.39791      -3.75253    
 -3.05395       8.04233      -3.42295    
 -2.41843       7.44176      -2.90957    
 -2.24799       6.46742      -3.24881    
 -2.10976       5.73078      -3.89104    
 -1.72360       5.08155      -4.37260    
-0.765605       5.30247      -4.31619    
 -1.14514       6.26283      -4.05548    
 -2.03400       6.48578      -3.92005    
 -2.85811       6.75686      -3.50441    
 -3.51042       7.81400      -3.13905    
 -4.18462       8.49494      -3.28419    
 -4.84450       9.05348      -3.89859    
 -5.52971       8.59702      -4.65638    
 -6.16953       7.86126      -4.70306    
 -6.23639       7.08011      -3.77215    
 -5.69150       7.04624      -2.84766    
 -4.98489       6.92195      -2.16071    
 -4.01629       6.65837      -1.86874    
 -3.29885       6.07941      -1.87883    
 -2.87660       5.64860      -2.76449    
 -2.48023       4.87429      -3.53810    
 -2.26253       4.19398      -4.33156    
 -2.52993       3.48649      -4.96817    
 -3.06586       2.66036      -5.05004    
 -3.44769       1.66925      -4.51054    
 -3.02002      0.684553      -4.58600    
 -2.49181     -0.288570      -4.65216    
 -2.14269      -1.20198      -4.62464    
 -2.26562      -2.13557      -4.19015    
 -2.07201      -2.76901      -3.38925    
 -2.14688      -3.52116      -2.88417    
 -1.87681      -4.25054      -1.94738    
 -1.26999      -4.46185      -1.12638    
-0.835293      -5.05350     -0.661370    
-0.182403      -5.71488     -0.312937    
 0.139465      -6.63156     -0.278088E-02
 0.463193      -7.63115     -0.169852    
 0.924278      -8.39725     -0.576946    
  1.22416      -8.95289      -1.27648    
  1.16956      -9.35779      -2.17829    
 0.521906      -10.1956      -2.03867    
-0.588774      -10.3252      -1.83988    
 -1.71029      -10.4917      -2.10968    
 -2.53134      -11.0842      -2.23332    
 -3.09638      -11.6117      -1.91275    
 -3.83075      -11.3176      -1.18143    
 -4.21881      -10.7552     -0.963694    
 -4.85951      -10.0264      -1.11617    
 -5.73076      -9.92281      -1.74944    
 -6.61798      -9.66659      -1.64132    
 -7.20850      -8.93438      -1.05464    
 -7.73708      -7.98193      -1.38338    
 -7.11144      -7.44993      -2.28250    
 -7.63608      -6.79551      -2.86600    
 -8.56295      -6.86995      -2.99688    
 -9.68078      -6.70998      -3.21642    
 -10.1626      -5.85383      -2.80510    
 -9.81351      -4.94251      -2.21127    
 -9.17146      -4.80864      -1.31611    
 -8.30237      -4.88026     -0.752645    
 -7.98053      -4.56236      0.776534E-01
 -8.13448      -3.66679      0.728156E-01
 -8.31162      -3.36356     -0.860100    
 -8.69933      -4.13974      -1.68485    
 -8.88418      -5.11371      -2.06894    
 -9.47973      -5.88017      -2.29179    
 -10.4064      -6.30332      -2.09505    
 -10.8975      -6.20140      -2.97805    
 -10.2243      -5.85094      -3.56451    
 -9.38725      -6.04419      -3.08579    
 -8.69222      -6.61607      -2.58004    
 -8.36256      -7.50886      -2.23562    
 -7.61397      -8.47554      -1.86719    
 -6.84106      -8.85404      -1.34915    
 -6.22838      -9.66949     -0.810448    
 -5.74345      -10.5054     -0.875371    
 -5.12395      -10.8961      -1.42837    
 -4.28214      -11.2490      -1.67914    
 -3.45041      -11.1265      -1.62295    
 -2.37742      -11.2891      -1.25600    
 -1.50985      -11.0737      -1.75428    
-0.946876      -10.6621      -2.42468    
-0.240760      -9.91008      -2.20099    
 0.402409      -9.84771      -1.54046    
  1.13751      -10.2392     -0.845176    
  1.88188      -10.6686     -0.195484    
  2.41669      -11.5882     -0.272370    
  2.61023      -12.5584     -0.685451    
  2.22191      -12.7921      -1.44136    
  1.90978      -13.5137      -2.25548    
  2.02358      -14.5559      -2.66925    
  2.66918      -15.4003      -2.93948    
  3.27020      -16.0813      -2.48479    
  3.59799      -16.9503      -2.11032    
  3.82807      -18.0432      -1.85567    
  4.18978      -18.9626      -2.03862    
  4.46683      -20.0143      -2.02685    
  4.08160      -21.1061      -2.03604    
  3.22302      -21.8245      -2.14484    
  2.37083      -22.4037      -2.70287    
  2.74058      -23.1600      -3.41592    
  3.47470      -23.7386      -3.79434    
  3.97231      -24.4103      -3.42814    
  3.85289      -24.2613      -2.44801    
  3.83414      -23.2922      -2.12945    
  3.74040      -22.3804      -2.39859    
  3.20853      -21.5552      -2.64772    
  3.45140      -20.7840      -1.85326    
  3.95697      -20.0547      -1.25220    
  3.83514      -19.3314     -0.627521    
  4.47263      -18.6511      -1.02340    
  4.52031      -18.0395      -1.69579    
  3.86162      -17.7418      -2.44592    
  2.90515      -17.4235      -2.32743    
  2.96504      -16.4992      -2.05559    
  2.82958      -15.4383      -2.20906    
  2.95447      -14.4518      -2.20207    
  3.10589      -13.3147      -2.62625    
  2.35067      -12.6895      -2.27240    
  1.64137      -11.9587      -2.02357    
  1.02812      -11.7126      -1.39030    
 0.951933      -11.0608     -0.548045    
  1.02554      -10.2484     -0.186968    
 0.519231      -9.54611      0.437252    
 0.755796      -8.53044      0.663360    
  1.32395      -8.00517      0.333604    
  2.27712      -7.56393      0.531875E-01
  3.15819      -7.43732      0.344853E-01
  4.10417      -7.33102     -0.645539    
  4.81793      -6.93861      -1.31906    
  5.72256      -6.51067      -1.18556    
  6.53696      -5.94674      -1.05049    
  7.01528      -5.11616      -1.17911    
  7.38286      -4.29860     -0.749805    
  7.96231      -3.59690     -0.763046    
  8.85353      -3.09635     -0.754748    
  9.75146      -2.37718     -0.906406    
  10.4016      -1.50872      -1.05426    
  11.3879      -1.13660      -1.29144    
  12.3896     -0.613842      -1.46215    
  12.6527      0.191302      -1.67762    
  12.7324       1.21904      -1.71636    
  12.7111       2.41922      -1.66399    
  12.9868       3.05037     -0.927295    
  13.9225       3.16493     -0.549216    
  14.8115       2.91300     -0.255235    
  15.5869       3.25004      0.167645    
  15.9552       3.67071      0.843108    
  16.8262       3.84548       1.14125    
  17.6245       4.12991       1.65578    
  17.7215       4.29619       2.52581    
  18.2871       3.69602       3.13796    
  18.6760       2.77574       3.54366    
  18.9926       1.75205       3.90287    
  19.5594      0.903552       4.14127    
  20.4211       1.00659       4.34163    
  21.2236      0.901640       4.17362    
  21.9052     -0.155563E-01   4.00356    
  22.0714     -0.990270       3.82909    
