  12.6001      0.199204       12.3642    
  11.9965      0.210700       13.0905    
  11.6307      0.170215       14.0168    
  12.1878     -0.170513       14.8893    
  13.0714      0.141858       14.8738    
  13.4380      0.267624       13.9799    
  13.0013     -0.110669       13.2344    
  12.3705     -0.207904       12.4745    
  12.2432     -0.194070E-01   11.5505    
  12.6972      0.364145       10.8423    
  12.9892     -0.107845E-01   9.93663    
  12.9759      -1.01506       9.86805    
  12.7464      -1.94683       9.63274    
  11.8846      -2.61217       9.57161    
  10.8335      -3.07681       9.48849    
  10.3184      -3.76721       8.91916    
  9.98766      -3.85437       7.95972    
  9.70215      -3.86671       6.86438    
  9.64487      -3.40106       6.00687    
  10.1258      -2.75836       5.46160    
  10.6743      -1.96418       5.51235    
  11.0058      -1.16467       5.08726    
  11.1675     -0.225155       4.68584    
  11.2260      0.270576       3.87552    
  11.1537      0.930743       3.25654    
  10.7688       1.41937       2.55053    
  10.4625       2.46046       2.11178    
  9.90676       3.34609       1.96173    
  9.34971       3.81928       1.40283    
  9.07681       3.89018      0.530763    
  8.68353       3.21405     -0.781958E-01
  7.72942       3.40695     -0.480862E-01
  6.60382       3.18033     -0.439837E-01
  5.69777       3.06068     -0.891308    
  5.28158       2.84093      -1.68333    
  4.99086       2.42125      -2.25976    
  4.57011       1.64354      -2.45017    
  4.17651      0.888025      -2.56042    
  3.08677      0.735167      -2.64490    
  2.24552       1.31955      -2.77514    
  1.64521       1.74562      -3.33486    
  1.33113       2.38536      -4.17646    
  1.20614       3.31970      -5.06092    
 0.290768       3.41763      -5.47294    
-0.182846       4.26576      -6.17640    
 0.760615E-01   5.20712      -6.81376    
  1.11063       5.68158      -7.18049    
  1.92166       5.91784      -7.62247    
  2.76264       6.12572      -8.19601    
  3.38916       6.78152      -8.83757    
  3.95026       7.62584      -9.35233    
  4.31166       8.47091      -8.81596    
  4.81485       8.21846      -7.94156    
  5.62241       7.69240      -7.76229    
  6.29531       7.44303      -8.20048    
  7.20481       7.01398      -8.15517    
  8.12500       7.09261      -7.50020    
  8.61036       8.06955      -7.14342    
  8.81773       9.00230      -7.57449    
  9.05214       10.1616      -7.30778    
  8.40342       10.5978      -6.72998    
  7.95122       10.2241      -5.98868    
  8.15519       9.96643      -4.93787    
  8.59432       10.0571      -3.70645    
  9.03359       9.42923      -3.01862    
  9.37139       8.53362      -2.38228    
  10.0471       8.49423      -1.71490    
  11.1575       8.49973      -1.90779    
  12.0916       8.95382      -1.47015    
  12.4602       9.55451     -0.569960    
  12.4704       9.42275      0.439395    
  12.7221       8.45008      0.954816    
  12.4624       7.61663      0.376447    
  12.0179       7.58493     -0.446677    
  11.7896       8.46288     -0.988496    
  11.5537       9.35038      -1.46509    
  10.9689       9.34935      -2.33821    
  10.4035       8.83627      -2.92086    
  9.68035       8.69750      -3.42214    
  8.69387       8.94597      -3.40387    
  8.19555       9.67491      -3.02676    
  8.26370       10.4747      -3.28778    
  8.32559       10.9575      -4.09096    
  8.40136       10.7709      -5.01327    
  8.54655       10.0024      -5.81999    
  8.53682       9.75250      -6.92837    
  8.32096       9.14233      -7.64321    
  8.62102       8.28346      -8.36845    
  8.41721       7.37999      -8.77072    
  7.99595       6.37159      -8.43942    
  7.14639       6.61521      -7.97180    
  6.96870       7.59543      -7.38348    
  6.35514       8.02132      -7.40065    
  5.43157       8.38067      -8.14743    
  4.77584       8.11032      -8.69778    
  3.87545       7.52109      -8.71768    
  3.08772       6.99312      -8.38362    
  2.08748       6.58988      -8.53689    
  1.69531       5.74995      -8.23204    
  1.86858       4.85571      -7.58054    
  1.70218       4.80936      -6.73003    
  1.22301       4.85657      -5.85686    
 0.554084       5.06357      -5.04770    
 0.169453       5.60674      -4.16609    
-0.703958       6.23192      -4.05386    
 -1.74151       6.44695      -3.83481    
 -2.35758       5.51793      -3.45392    
 -2.81953       5.35559      -2.71170    
 -3.07733       5.29029      -1.62524    
 -3.35028       5.51067     -0.677904    
 -3.99778       5.42307     -0.206230E-01
 -4.27060       4.80271      0.767552    
 -4.85316       3.94474       1.04453    
 -4.32227       3.48918       1.59785    
 -3.80616       2.96584       2.34850    
 -4.13701       2.80687       3.46273    
 -5.00011       2.64842       3.60784    
 -5.36163       2.41513       4.29106    
 -5.70910       1.74352       4.96224    
 -5.90013       1.34996       5.69819    
 -5.86103       1.39726       6.67960    
 -5.92801       2.26289       6.75617    
 -6.62758       2.77608       6.26636    
 -7.02793       3.36612       5.55631    
 -7.55667       2.89549       4.78182    
 -7.92849       1.94860       4.66944    
 -8.20704      0.959888       4.97406    
 -8.43190      0.238191       5.10453    
 -9.40989     -0.215425       4.97890    
 -9.75227     -0.542031       5.88744    
 -9.92998      0.201100       6.63808    
 -9.68674       1.01207       7.02529    
 -9.13438       1.58357       6.49346    
 -8.04920       1.75927       6.57954    
 -7.02334       1.83984       6.42768    
 -6.20745       1.96240       5.93663    
 -5.29961       1.94918       5.62125    
 -4.70094       2.07755       4.72406    
 -4.62115       2.10146       3.64407    
 -4.42098       2.46413       2.87477    
 -4.20600       3.42713       2.58766    
 -3.89996       3.82931       1.67748    
 -3.84964       3.71512      0.907896    
 -3.92273       4.29428      0.134328    
 -3.91555       4.86610     -0.686263    
 -3.69640       5.53039      -1.27557    
 -3.08204       6.14559      -1.75971    
 -2.16551       6.41660      -2.29124    
 -1.22815       5.98065      -2.48668    
-0.727322       5.39737      -3.08579    
 -1.01631       5.83889      -3.97440    
 -1.47948       5.94144      -4.82541    
 -1.98309       5.78035      -5.50751    
 -2.96506       5.56024      -5.59379    
 -3.24657       5.54092      -4.71877    
 -3.77523       6.00573      -3.98690    
 -4.67935       6.17592      -3.60021    
 -5.58233       5.95201      -3.88699    
 -6.11215       5.71700      -4.65482    
 -5.73981       6.02123      -5.40737    
 -4.86502       5.93200      -5.24720    
 -4.04076       6.22045      -5.21666    
 -3.11751       5.96734      -4.70535    
 -2.40867       5.99713      -4.43809    
 -1.67320       5.50900      -4.88133    
-0.842838       5.58956      -4.64066    
 0.508635E-01   6.39012      -4.49448    
 0.867188       6.67985      -4.11875    
  1.59313       6.11671      -4.26098    
  1.30345       5.20809      -4.40214    
 0.779339       4.57650      -4.33039    
 0.383734       3.55537      -4.50776    
 0.744937       2.93802      -5.18386    
  1.45202       2.89268      -5.82588    
  2.21747       2.86631      -6.51945    
  2.81410       2.08569      -6.86606    
  3.29154       1.37082      -7.37893    
  4.36447       1.45999      -7.64786    
  4.23720       2.49706      -7.56624    
  3.34349       2.83660      -7.92455    
  2.75275       2.16786      -8.33321    
  2.40693       1.39286      -8.61449    
  2.32470      0.541418      -9.10404    
  1.65714     -0.198258      -9.14720    
  1.34159     -0.954994      -8.64431    
  1.15025      -1.38209      -7.66299    
  1.68516      -1.33914      -6.89801    
  1.64094      -1.62269      -5.86805    
  1.08912      -2.23447      -5.24282    
 0.107596      -1.93310      -4.94540    
-0.553354      -1.31781      -4.41349    
 -1.37304     -0.969063      -3.68285    
 -2.45224      -1.19282      -3.54442    
 -2.57758      -2.06729      -3.05420    
 -2.60877      -3.05661      -2.92619    
 -2.01299      -3.68524      -2.70845    
 -2.05762      -4.57694      -2.25179    
 -2.84036      -5.05774      -1.70800    
 -3.86407      -5.43136      -1.39378    
 -4.62429      -6.21820      -1.39914    
 -5.28099      -7.14760      -1.20188    
 -5.71479      -8.02849      -1.19997    
 -6.42186      -8.58247      -1.54559    
 -7.29708      -8.93787      -1.64851    
 -8.15195      -8.79228      -2.04203    
 -9.09790      -8.66897      -2.64652    
 -9.81637      -7.99975      -3.28399    
 -10.8123      -8.67549      -3.47322    
 -11.1555      -9.31060      -2.87910    
 -11.2573      -9.74613      -1.97030    
 -10.4418      -10.1907      -1.91068    
 -9.38317      -9.80827      -2.00769    
 -8.35445      -9.72524      -1.92228    
 -7.46183      -9.52305      -2.25760    
 -6.88256      -8.71219      -2.24394    
 -6.59297      -7.85928      -1.75424    
 -6.40715      -7.24887      -1.26109    
 -5.89185      -6.80520     -0.625071    
 -4.91924      -6.81156     -0.436756    
 -4.02188      -6.71616      -1.07525    
 -3.54971      -6.05923      -1.97169    
 -3.23016      -5.06891      -2.40972    
 -2.72020      -4.11040      -2.33102    
 -2.04143      -3.42827      -2.42986    
 -1.44232      -2.77650      -2.83290    
 -1.76521      -2.76547      -3.64825    
 -1.91095      -1.96350      -4.38100    
 -1.10022      -1.32211      -4.95325    
-0.543623     -0.598663      -5.34470    
 0.353960     -0.355558      -5.35652    
  1.20075     -0.205441      -5.00057    
  2.11093     -0.472905      -5.09532    
  3.28774     -0.341131      -4.76688    
  3.81263      -1.25835      -4.80238    
  3.99634      -2.43688      -5.08512    
  4.17132      -3.28437      -5.49501    
  4.45475      -4.00845      -5.85222    
  5.23721      -4.52503      -5.45050    
  6.02090      -5.18570      -4.88886    
  6.71477      -5.95185      -4.59281    
  6.41270      -6.56969      -4.05749    
  6.40379      -7.49727      -3.89224    
  6.87105      -8.40542      -4.06627    
  7.24300      -9.23857      -4.36942    
  8.21724      -9.93204      -4.47044    
  8.90477      -10.5392      -4.83293    
  9.02894      -11.3217      -5.50913    
  8.57303      -11.9126      -5.98527    
  8.19673      -11.6810      -6.85059    
  7.99488      -10.6739      -7.06899    
  8.62362      -10.5071      -7.85309    
  9.51731      -10.2561      -8.68601    
  10.1692      -10.6441      -9.50230    
  10.1180      -11.2309      -10.3671    
  10.9750      -11.3455      -11.2060    
  10.8555      -10.5811      -11.9509    
  10.4353      -9.83530      -11.5454    
  9.74412      -10.1344      -10.9463    
  9.13878      -10.5665      -10.1276    
  8.91398      -10.8249      -9.11565    
  8.63934      -11.0830      -8.04805    
  8.59724      -11.1307      -6.98336    
  8.19874      -11.1252      -6.02372    
  8.01071      -10.6606      -4.92688    
  7.77862      -10.2981      -4.04115    
  7.74272      -9.30867      -3.78330    
  7.48598      -8.49583      -4.34656    
  6.74236      -7.87381      -4.87900    
  5.94993      -7.31716      -4.99879    
  5.73257      -6.27833      -4.66265    
  6.19126      -5.32681      -4.13872    
  5.45850      -4.91039      -3.50493    
  5.11419      -4.16376      -2.75440    
  4.37548      -3.94609      -3.34938    
  4.44969      -4.00858      -4.27361    
  5.09143      -3.93537      -4.95432    
  5.19911      -3.30316      -5.92406    
  4.55686      -2.59845      -6.18958    
  3.71735      -2.40293      -5.99951    
  3.22321      -1.71724      -5.51081    
  2.74768      -1.04612      -4.61692    
  2.61248     -0.161540      -3.98153    
  2.88985      0.646253      -3.40118    
  3.53399       1.26540      -3.00763    
  3.87143       1.58143      -2.26955    
  4.52649       1.58446      -1.60335    
  5.34597       1.83819      -1.87517    
  6.25426       2.60184      -1.92136    
  6.54702       3.27018      -1.48719    
  6.67489       3.94784     -0.737789    
  7.36198       4.07064     -0.622854E-01
  8.01738       3.60746      0.709290    
  8.98482       3.35812       1.41949    
  9.94048       2.99698       1.45131    
  10.9868       2.62765       1.62501    
  11.1420       1.97910       2.53258    
  10.5067       1.66551       3.12911    
  9.87839      0.866674       3.31757    
  9.27490      0.513582E-01   3.39140    
  9.80785     -0.872252       3.08441    
  10.3062      -1.60203       3.68510    
  10.7987      -1.66257       4.63773    
  11.5690      -1.77532       5.47852    
  11.7571      -1.86343       6.56088    
  11.6916      -1.67623       7.53992    
  11.4658      -1.75067       8.54811    
  11.8110      -1.25580       9.38421    
  12.2375     -0.765277       9.85967    
  12.9642     -0.351658       10.5927    
  13.0585     -0.704753E-01   11.4018    
