  10.4766     -0.944637E-01   13.0900    
  9.66900      0.520729       13.4868    
  9.70703       1.14715       14.4757    
  10.0810       1.30627       15.3198    
  10.9249       1.04747       16.0988    
  11.5899      0.383961       15.9584    
  11.4836     -0.337485       15.2115    
  11.7465     -0.527089       14.3252    
  11.4549      -1.08574       13.6151    
  11.0658      -1.89264       13.3166    
  10.3200      -2.32559       12.7623    
  10.1822      -2.70462       11.8276    
  10.7166      -3.09362       11.1706    
  11.1144      -3.62101       10.3273    
  11.2134      -3.69059       9.30859    
  10.8069      -3.22617       8.33051    
  9.85392      -2.64208       8.18158    
  9.72114      -1.46473       8.28798    
  10.1454     -0.741721       8.61350    
  10.9359     -0.413959       8.75165    
  11.8678     -0.385512       8.52629    
  12.4005     -0.487924       7.86008    
  12.5095     -0.831564       7.00399    
  12.1150     -0.567373       6.09519    
  11.5222      0.287877       5.90072    
  11.6234       1.41542       5.73086    
  11.3137       2.36173       5.89958    
  11.2864       3.21874       5.36579    
  11.4670       3.40548       4.59285    
  11.5363       3.15367       3.56763    
  10.7464       3.18345       2.66613    
  9.61827       3.04491       2.35365    
  8.86623       3.24329       1.82925    
  8.03240       3.87227       2.02079    
  7.23690       4.41333       1.69931    
  6.65193       4.33398      0.789028    
  6.12401       4.06333      0.205695    
  5.96800       3.92843     -0.986002    
  5.06941       3.52354      -1.33845    
  4.33421       3.17599      -2.00936    
  3.23196       2.96984      -2.35754    
  2.67669       3.24791      -3.20962    
  2.07701       3.57138      -3.83208    
 0.982461       3.37545      -4.45633    
 0.222214       3.68369      -5.10396    
 0.467976       4.18290      -5.84103    
 0.740812       4.67434      -6.53606    
  1.69077       5.40699      -6.47576    
  2.75303       5.33492      -6.28218    
  3.09779       5.55532      -7.06155    
  3.68120       5.89695      -7.50637    
  4.51125       6.29981      -7.21056    
  5.30626       6.83708      -6.68177    
  6.09983       6.52711      -6.25472    
  7.08240       5.97768      -6.61564    
  7.87358       6.06178      -7.22032    
  8.05337       6.97509      -7.72329    
  8.74990       7.65798      -7.12192    
  9.49997       8.32143      -7.20791    
  10.4758       8.77369      -7.48496    
  10.8374       9.82021      -7.65736    
  11.0595       10.8523      -7.59240    
  10.9829       11.6482      -6.95655    
  11.1151       11.7300      -5.82014    
  10.9098       11.6836      -4.91457    
  11.2422       11.3328      -3.88835    
  11.8299       10.7691      -3.06790    
  12.5804       10.4850      -2.63164    
  13.3026       10.4378      -1.84604    
  13.5425       10.1437      -1.01358    
  13.6903       9.84799     -0.157843    
  13.1851       8.82442     -0.677592E-01
  12.8230       7.78688     -0.219288E-01
  13.2870       7.27184     -0.687222    
  14.0649       7.62693      -1.33026    
  13.7323       8.34367      -1.88141    
  13.2264       8.99728      -2.06254    
  12.4368       9.83997      -2.26262    
  12.2432       10.8153      -2.39735    
  11.9977       11.4994      -3.36028    
  11.6007       11.5656      -4.33091    
  11.0763       11.0683      -4.93665    
  10.4772       11.5325      -5.55906    
  10.9851       12.4125      -5.94312    
  11.6718       12.2228      -6.88640    
  11.5825       11.4087      -7.23943    
  11.2803       10.4666      -7.09291    
  10.5094       9.86355      -7.15245    
  10.0280       9.23757      -7.70459    
  9.38902       8.49297      -8.07333    
  9.33688       7.57547      -7.69120    
  8.72167       6.96906      -7.12237    
  7.69505       6.79103      -6.90796    
  6.73711       6.60426      -6.92734    
  5.82554       6.14875      -6.79715    
  4.77427       5.99516      -6.59107    
  3.91831       6.00729      -6.60590    
  2.87137       5.97972      -6.43492    
  2.08632       5.28724      -6.85108    
  1.76051       4.57186      -6.27272    
 0.924811       4.57783      -5.46385    
 0.195560       4.64487      -4.90896    
-0.328726       4.92357      -4.14161    
 -1.02808       5.37491      -3.73877    
 -1.36981       5.61985      -2.95231    
 -2.00792       6.28098      -2.83351    
 -2.79115       6.19028      -2.47776    
 -3.58693       5.88139      -2.12319    
 -4.18475       5.28439      -1.60901    
 -4.30480       4.28847      -1.24746    
 -4.26372       3.71391     -0.285437    
 -3.94355       3.67032      0.766434    
 -3.70574       4.02594       1.70554    
 -4.03093       4.34341       2.66014    
 -4.69575       3.94699       3.33220    
 -5.24250       3.45352       4.11725    
 -5.97801       2.61703       4.16940    
 -6.10962       1.78354       3.62682    
 -6.34043      0.874825       3.16792    
 -7.02584      0.204023       2.84226    
 -7.57609     -0.561169       3.17064    
 -8.07455      -1.13181       3.86459    
 -8.99037      -1.32194       4.57309    
 -9.93891      -1.25544       4.04874    
 -10.6461     -0.557980       3.82427    
 -11.3342      0.110691       3.36367    
 -11.9107      0.154945       2.64391    
 -12.2496     -0.126623       1.75813    
 -12.1803      -1.05953       1.89764    
 -11.4549     -0.895600       2.53338    
 -10.3161     -0.678389       2.85465    
 -9.25109     -0.660229       2.99991    
 -8.40718     -0.416129       3.36588    
 -7.72226      0.704532E-01   3.38407    
 -6.69834      0.132887       3.76315    
 -5.98415      0.972351       3.91321    
 -5.36286       1.93092       3.99658    
 -5.67349       3.03314       3.65090    
 -5.72072       3.97661       3.81239    
 -5.15611       4.95825       3.63378    
 -4.23089       4.91266       3.51403    
 -3.66166       4.18658       2.97462    
 -3.89914       3.49651       2.40717    
 -4.55581       3.68763       1.47167    
 -4.08973       4.06919      0.799755    
 -3.73113       4.75537     -0.209887    
 -3.23029       5.16284     -0.992172    
 -2.81512       5.18121      -1.81735    
 -2.77447       5.31531      -2.98354    
 -2.66109       6.24028      -3.62160    
 -2.84973       6.87290      -4.39534    
 -2.94470       6.69183      -5.49632    
 -3.46751       6.39752      -6.30598    
 -4.16736       6.57819      -7.03383    
 -5.04415       7.02619      -7.34295    
 -5.28801       8.01513      -7.44339    
 -5.75664       8.91788      -7.44279    
 -6.65043       9.29064      -7.81978    
 -6.91646       8.33806      -8.40007    
 -6.39402       7.85006      -8.83437    
 -5.62617       7.34471      -8.47832    
 -4.88843       7.11723      -7.91946    
 -4.45058       7.57857      -6.89222    
 -3.92572       7.39096      -5.94339    
 -3.62061       6.56591      -5.27015    
 -2.99629       6.34807      -4.63789    
 -2.00676       6.23094      -4.25173    
-0.945602       6.23754      -3.68302    
-0.401919       5.51768      -2.90676    
 0.376992E-01   4.37916      -3.19620    
 0.928157       3.98982      -3.34554    
  1.69232       3.37790      -3.22718    
  1.96434       2.72556      -3.60820    
  2.87430       2.17075      -3.55031    
  3.95485       1.55399      -3.97957    
  4.60749       1.55711      -4.48157    
  5.45023       1.44746      -5.05890    
  5.65814      0.756745      -5.70638    
  5.98212      0.697441      -6.83750    
  5.85727       1.30350      -7.48387    
  4.90603       1.63602      -8.13108    
  3.86833       1.81308      -7.92490    
  3.32524       1.85155      -7.11319    
  3.25272       1.16757      -6.48213    
  3.21697      0.538034      -5.69618    
  2.86334     -0.544523      -5.43945    
  2.08715      -1.14761      -4.69445    
 0.987955      -1.24276      -4.56302    
 0.195352      -1.69170      -4.18641    
-0.666645      -1.98643      -3.51195    
 -1.23915      -2.65568      -3.24252    
 -1.36765      -3.51576      -3.13313    
-0.635308      -3.97398      -2.55313    
-0.215781      -3.84574      -1.65019    
-0.416993      -4.05494     -0.711858    
-0.991274      -4.48013     -0.344560    
 -1.78209      -5.10442     -0.544210    
 -2.40733      -5.94050     -0.818968    
 -2.76142      -6.81756     -0.607090    
 -3.59373      -7.44765     -0.391747    
 -4.18040      -8.29231     -0.146137    
 -5.14742      -8.21918     -0.535107    
 -6.22632      -7.88911     -0.693604    
 -6.67805      -7.21274     -0.894858    
 -7.08737      -6.47903      -1.32597    
 -7.88928      -5.89447      -1.81083    
 -8.41951      -6.07013      -2.72477    
 -9.02403      -6.72308      -3.47474    
 -10.0542      -6.86268      -3.23308    
 -10.9876      -6.62438      -2.41969    
 -11.4230      -6.06004      -1.56356    
 -10.6408      -6.14829     -0.756623    
 -9.72191      -6.26782     -0.785196    
 -8.80038      -6.46406     -0.881265    
 -7.88705      -6.81897      -1.60678    
 -7.00425      -7.02895      -1.95761    
 -5.92943      -7.40170      -1.44860    
 -5.19871      -7.67377      -1.06023    
 -4.44723      -7.19131     -0.423450    
 -3.48710      -6.76897     -0.158319    
 -2.46357      -6.58964     -0.121854    
 -1.37292      -6.38376     -0.125253    
 -1.13013      -5.47876     -0.591460    
 -1.63143      -4.78077      -1.47328    
 -1.26389      -3.78056      -2.11428    
-0.920296      -3.00188      -2.96980    
-0.574771      -2.81178      -3.77795    
-0.282477      -2.10659      -4.47868    
 0.284220      -1.40411      -4.71191    
 0.896904     -0.646847      -4.69062    
  1.83983     -0.325218      -4.68019    
  2.96316     -0.323750      -4.44459    
  3.72524     -0.736685      -3.89377    
  4.34816      -1.16497      -3.30378    
  4.84754      -1.75314      -2.50595    
  5.49670      -2.54834      -2.67172    
  5.99225      -3.24245      -3.37366    
  6.95697      -3.46228      -3.54555    
  7.69509      -3.93282      -2.80520    
  7.69633      -4.90128      -2.40728    
  7.37525      -5.77800      -2.98655    
  7.81030      -6.17066      -3.88798    
  8.35720      -6.70222      -4.45568    
  9.41088      -7.01699      -4.83469    
  10.0557      -7.82267      -5.02518    
  10.0990      -8.80000      -5.12218    
  9.90864      -9.51557      -5.73508    
  9.50364      -9.99837      -6.41092    
  9.31058      -10.8619      -7.21967    
  9.92487      -11.1499      -8.21199    
  10.4397      -11.8263      -8.60289    
  10.8798      -12.5669      -8.97780    
  10.7232      -13.0555      -9.88460    
  10.5001      -13.3325      -10.9492    
  10.7941      -13.4600      -11.9168    
  11.1917      -12.4582      -12.2805    
  11.1483      -11.8003      -11.7048    
  11.1037      -11.8694      -10.7952    
  10.8288      -12.2959      -10.1737    
  10.3533      -12.4760      -9.15102    
  9.99660      -12.4220      -8.24681    
  10.2193      -11.4704      -8.00840    
  10.0512      -10.6700      -7.66442    
  9.72893      -9.67688      -7.29807    
  9.64798      -9.09988      -6.44575    
  9.57127      -8.62885      -5.69003    
  9.41720      -7.94208      -4.86664    
  9.21614      -7.17457      -4.11895    
  8.96671      -6.52561      -3.74331    
  8.75051      -5.67575      -3.18219    
  8.37658      -4.84442      -3.29513    
  7.38915      -4.43953      -3.10411    
  6.75963      -3.85314      -2.83622    
  6.44316      -2.89868      -3.02366    
  5.66996      -2.30418      -3.57046    
  4.62454      -2.33485      -3.58076    
  3.83281      -1.57419      -3.32788    
  3.31688     -0.889956      -2.87691    
  2.88401     -0.208381      -2.88064    
  2.92468      0.632503      -3.59806    
  3.34136       1.49504      -3.45133    
  3.71546       2.30722      -2.97141    
  4.25987       3.16543      -2.95528    
  4.14672       3.93185      -2.37098    
  4.47251       4.29086      -1.48052    
  4.99084       3.87051     -0.857551    
  5.71649       3.62853     -0.134530    
  6.61146       3.24787      0.355587    
  7.49567       3.43698      0.116378    
  8.49630       3.78773      0.127685    
  9.36725       3.82625      0.562114    
  10.1193       3.81125       1.38360    
  10.4715       3.91638       2.44863    
  10.9351       3.82052       3.31295    
  10.9871       3.36446       4.09520    
  11.3847       2.77356       4.92425    
  11.8351       1.98460       5.23745    
  12.3139       1.26931       5.81743    
  12.3201      0.740149       6.63484    
  12.0144      0.287263       7.65102    
  11.6137     -0.831129       7.74862    
  11.0355      -1.71443       7.97467    
  10.4404      -2.14029       8.66494    
  10.6766      -2.97339       9.34425    
  10.5327      -3.64729       9.82912    
  10.5616      -3.62092       10.9676    
  10.7938      -3.52617       11.8761    
  10.9844      -2.72954       12.4110    
  10.9844      -1.79056       12.7642    
  10.8053     -0.945666       12.8248    
