  10.0893      0.226602       15.3582    
  9.81114       1.23228       15.7219    
  9.56166       1.79109       16.5483    
  9.65020       1.94892       17.6151    
  9.25587       2.05328       18.5370    
  9.76120       2.13251       19.2192    
  10.4633       1.74459       18.5353    
  10.5858       1.79061       17.7285    
  9.98330       1.67251       16.9554    
  9.78901      0.991105       16.2155    
  9.30677      0.425168       15.5665    
  9.10566     -0.395293E-01   14.6791    
  9.82709     -0.393189       14.3055    
  10.7061     -0.860627       14.1196    
  11.0452      -1.32780       13.5345    
  10.5674      -1.87791       12.7807    
  10.5886      -1.78981       11.8321    
  10.5887      -1.32611       10.8906    
  10.8117     -0.412664       10.3597    
  11.0834      0.557807       9.97145    
  11.6932      0.995877       9.29230    
  12.3958      0.332287       8.73216    
  12.3464     -0.121124       7.80564    
  12.6731     -0.351587       6.87627    
  12.5426      0.162865       5.98960    
  12.0065      0.612669       5.18723    
  11.7262       1.51182       4.80714    
  11.1167       2.02565       4.19104    
  10.7345       2.95486       4.01516    
  11.0458       3.71889       3.38048    
  11.1046       4.02932       2.33271    
  10.4005       3.84813       1.49184    
  9.43774       3.58466       1.27257    
  8.35535       3.13731       1.64585    
  7.41258       3.42325       1.99390    
  6.46668       3.67727       1.79037    
  5.68879       3.31431       1.26609    
  4.94018       3.01519      0.791117    
  4.22302       2.57895      0.845177    
  3.19985       2.83820      0.851079    
  2.28200       3.05106      0.519404    
  1.93898       3.72482     -0.291783    
  1.69093       4.13677      -1.03970    
  1.86160       4.60149      -1.91203    
  1.95432       5.21200      -2.77760    
  1.58676       5.09384      -3.68008    
 0.866700       5.22340      -4.64677    
  1.02385       5.73327      -5.53757    
  1.35461       6.05565      -6.40915    
  1.93454       6.03349      -7.38878    
  3.03333       6.22349      -7.76656    
  3.95424       6.63873      -7.83369    
  4.79915       6.61931      -7.36305    
  5.39452       5.97134      -6.73337    
  5.86517       5.30871      -6.23554    
  6.58958       4.83043      -5.95710    
  7.35021       5.29367      -6.38792    
  8.06174       5.78861      -6.52531    
  8.90215       6.26528      -6.87837    
  9.14969       6.98472      -7.32380    
  8.77729       7.78404      -7.70212    
  8.65829       8.62907      -7.30096    
  8.62690       8.73747      -6.27724    
  8.96796       9.08718      -5.48707    
  9.92510       9.58783      -5.37618    
  10.6540       9.87384      -4.97095    
  10.9548       10.8394      -4.65451    
  10.1633       11.0062      -3.76589    
  9.95629       9.95712      -3.29770    
  10.3864       9.30162      -2.34486    
  10.6894       9.15170      -1.25777    
  10.6096       8.79556     -0.342410    
  9.95847       8.13303      0.696861E-01
  9.08712       7.64410     -0.172761E-01
  8.82754       7.72339      -1.04795    
  9.14487       7.96777      -1.97872    
  9.58145       8.88973      -2.24198    
  10.1088       9.84966      -2.27828    
  10.7796       10.4278      -2.85147    
  11.0887       10.6637      -3.60959    
  10.5221       10.5451      -4.34811    
  10.1499       10.4947      -5.36647    
  9.27713       10.1261      -5.81394    
  9.30789       9.00992      -5.99619    
  8.95561       8.23474      -6.23017    
  8.36604       7.80499      -7.02751    
  8.19061       6.93795      -7.19661    
  8.46997       5.84112      -7.17738    
  8.43778       5.17205      -6.65950    
  8.00282       5.19016      -5.84683    
  6.91640       5.52928      -5.85256    
  6.24358       5.62519      -6.57095    
  5.27519       5.40575      -7.09072    
  4.45531       5.72274      -7.09518    
  3.87518       6.50622      -7.33566    
  2.98174       6.94184      -7.52594    
  2.12042       6.45325      -7.92625    
  1.36471       6.00616      -7.85139    
  1.08804       5.40141      -7.37822    
  1.42716       4.93394      -6.55321    
  1.70935       5.47953      -5.78133    
  1.65971       5.74207      -4.65502    
 0.900213       6.02574      -4.00703    
-0.111575       5.75631      -3.88562    
 -1.02082       5.58506      -4.44328    
 -1.93942       6.02792      -3.98839    
 -2.22518       6.54040      -3.04430    
 -2.52783       7.13662      -2.15839    
 -3.06172       7.70875      -1.55418    
 -3.48940       7.84842     -0.713746    
 -3.76653       7.32213     -0.439459E-01
 -4.13130       6.60844      0.943370    
 -4.37492       5.88535       1.72139    
 -4.91971       5.03909       2.09770    
 -5.54053       4.64188       2.55595    
 -5.97006       3.74435       2.69455    
 -6.55489       2.89953       2.34935    
 -7.60050       2.75118       2.10460    
 -8.56808       2.39602       1.72470    
 -8.93547       1.67511       1.34204    
 -8.74501      0.622433       1.25789    
 -7.60120      0.619289       1.83005    
 -7.97683      0.524892       2.95794    
 -9.05301      0.902525       3.21857    
 -10.0660       1.02003       3.44869    
 -10.6179       1.41070       2.70164    
 -11.0456       1.37704       1.81744    
 -10.3856       1.10137      0.886309    
 -9.41995      0.694027      0.519666    
 -8.50532      0.796820      0.800504    
 -7.68621      0.377051       1.03761    
 -7.03525      0.160121       1.85931    
 -7.86481     -0.287501       2.43914    
 -8.73059      0.438343       2.63850    
 -8.80703       1.41548       2.31700    
 -8.20052       1.73673       1.53099    
 -7.93933       2.68395       1.35318    
 -7.19957       3.59449       1.40606    
 -6.77092       4.33022       1.91798    
 -6.75875       4.46780       2.83548    
 -6.12396       3.97879       3.31441    
 -5.29099       3.76576       2.84986    
 -4.93469       4.16394       1.90346    
 -4.78917       5.23939       1.38907    
 -4.63020       6.33612       1.27357    
 -4.17620       7.24309       1.52724    
 -3.44957       7.48640      0.915074    
 -2.81143       7.70671      0.193238    
 -2.77591       7.63472     -0.823288    
 -3.31969       6.97380      -1.38687    
 -3.29311       6.87406      -2.40614    
 -3.08256       7.01811      -3.33747    
 -3.04880       7.41249      -4.32509    
 -3.66155       7.76526      -5.07487    
 -3.97292       7.46890      -6.23130    
 -4.34341       7.32233      -7.27328    
 -4.76617       7.45752      -8.21554    
 -5.64305       7.42568      -8.61454    
 -6.01800       7.63931      -9.65209    
 -5.59744       7.98828      -10.5404    
 -4.59031       7.90644      -10.5326    
 -4.25798       7.88263      -9.52316    
 -4.43367       8.04989      -8.59331    
 -4.42020       8.04280      -7.54504    
 -4.60562       7.81642      -6.47407    
 -4.64272       7.42145      -5.68371    
 -4.06298       6.90825      -4.99101    
 -3.22693       6.55869      -4.70714    
 -2.24995       6.47922      -4.33368    
 -1.23987       6.22130      -3.95001    
-0.383078       5.58204      -3.53724    
 0.116210       5.01194      -2.82771    
 0.636245       4.37262      -2.46334    
  1.11372       3.73061      -2.19198    
  1.85377       3.58632      -2.63591    
  2.54032       3.05624      -3.15344    
  2.91132       2.54825      -3.92159    
  3.44416       2.10451      -4.78513    
  3.09345       1.30515      -5.28839    
  3.29187      0.852612      -6.13086    
  3.15336      0.622911      -7.18879    
  2.36807      0.997196      -7.08236    
  2.05544       1.82121      -6.47162    
  1.83390       1.48723      -5.55328    
  2.26415      0.813058      -4.86043    
  2.21757     -0.571380E-01  -4.36753    
  1.38194     -0.402326      -3.84614    
 0.931988     -0.169292      -3.22447    
 0.590688     -0.720036      -2.49074    
-0.349918      -1.13477      -2.44887    
 -1.00382      -1.71592      -2.07365    
 -1.34838      -2.52371      -1.58925    
-0.625283      -3.19028      -1.58767    
-0.448912      -4.22718      -1.26318    
 -1.16425      -4.46710     -0.727984    
 -2.13922      -4.78538     -0.255753    
 -3.06209      -4.55165     -0.539072    
 -3.52327      -4.63858      -1.39146    
 -3.73350      -5.44811      -1.71366    
 -3.86895      -6.35781      -1.80186    
 -3.92374      -7.28564      -2.09967    
 -4.55439      -7.72790      -2.63818    
 -5.48170      -7.58328      -2.32022    
 -6.13899      -7.51799      -1.58475    
 -7.04615      -7.07972      -1.46256    
 -8.07709      -6.74137      -1.85371    
 -8.73863      -5.99962      -2.00074    
 -9.55683      -5.58230      -2.61614    
 -10.5209      -5.43730      -2.92670    
 -11.6100      -5.02313      -2.87572    
 -12.6226      -5.55941      -2.45432    
 -12.3537      -6.46701      -2.11379    
 -11.8979      -7.09301      -1.93845    
 -11.1128      -7.88666      -1.97752    
 -10.2306      -7.57415      -2.04988    
 -9.20166      -7.30668      -2.19408    
 -8.27549      -6.95008      -2.33542    
 -7.44001      -6.56608      -2.22585    
 -6.72484      -5.96689      -1.80111    
 -5.87731      -5.49742      -1.62381    
 -4.87387      -5.65140      -1.23564    
 -3.74352      -5.27173      -1.08974    
 -2.78033      -5.12426     -0.922135    
 -2.15595      -4.39027      -1.13159    
 -1.51321      -3.81791      -1.08282    
 -1.02833      -2.92808      -1.18710    
-0.444840      -2.15843      -1.17025    
 0.193328      -1.53646      -1.72818    
 0.140871      -1.31007      -2.72168    
 0.276140     -0.449808      -3.44461    
  1.05942      0.400552      -3.58442    
  1.84201      0.734445      -3.04872    
  2.71397      0.183081      -2.68907    
  3.51223     -0.507579      -3.20044    
  3.83627     -0.988955      -3.87916    
  4.26532      -1.40660      -4.73356    
  4.80375      -1.88653      -5.53653    
  5.62967      -2.23619      -5.76133    
  6.46822      -2.62700      -5.57447    
  7.33818      -3.24300      -5.24893    
  7.90481      -4.10355      -5.24264    
  8.11301      -4.90546      -4.76970    
  8.66229      -5.69980      -4.56746    
  8.83130      -6.45911      -5.38594    
  9.75226      -7.05282      -5.20301    
  10.2339      -7.84294      -5.20335    
  9.78905      -8.82867      -5.10122    
  10.0058      -9.53703      -5.69113    
  9.72428      -10.0001      -6.26698    
  9.45690      -10.7206      -7.17706    
  9.19646      -11.4738      -7.87535    
  8.33256      -11.5952      -8.55001    
  7.22072      -11.6129      -8.70644    
  6.90990      -11.3615      -9.55003    
  7.11089      -10.6042      -9.81088    
  7.48316      -9.81400      -9.24619    
  7.59178      -10.2959      -8.47167    
  7.93351      -11.1376      -8.12063    
  8.39517      -11.8994      -7.82394    
  9.35700      -11.9850      -7.69999    
  9.61275      -11.4463      -7.15607    
  9.97092      -10.6851      -6.59609    
  10.2919      -9.84292      -6.20968    
  9.58473      -9.22118      -6.26981    
  9.36169      -8.52165      -5.64288    
  9.51989      -7.81028      -4.87401    
  9.88406      -6.96598      -4.47864    
  9.77388      -5.90980      -4.92103    
  9.20111      -5.46195      -5.59030    
  8.28326      -5.04807      -5.96197    
  7.44906      -4.61566      -5.59864    
  6.82154      -3.78213      -5.62456    
  6.36246      -3.01347      -4.89321    
  5.84732      -2.15485      -5.08457    
  5.41235      -1.23950      -5.34624    
  4.63035     -0.919759      -5.69608    
  3.82504     -0.986262      -5.18016    
  3.18055     -0.853395      -4.30689    
  2.68177     -0.574311      -3.45174    
  1.98273      0.496282E-02  -2.96452    
  1.64825      0.807188      -2.22964    
  1.41954       1.56098      -1.49811    
  1.86357       2.40557     -0.901707    
  2.62536       2.74747     -0.404004    
  3.38043       2.99798     -0.142297    
  3.96705       3.01190      0.641981    
  4.60899       3.03683       1.43504    
  5.15476       2.51510       1.46276    
  6.16731       3.00515       1.32065    
  6.80550       3.83571       1.19532    
  7.56795       4.58172       1.43132    
  8.51472       4.04728       1.86047    
  9.00336       3.47412       2.67283    
  10.0051       3.29152       3.01469    
  10.8014       2.90850       3.35878    
  11.8227       2.81586       3.76838    
  12.0718       2.52649       4.60809    
  12.2103       2.22822       5.48736    
  12.0909       1.71417       6.19840    
  11.7102       1.10665       7.18503    
  11.7600      0.709717       8.08783    
  11.8653      0.173848       8.72944    
  11.7011     -0.371113       9.74068    
  11.2208     -0.432050       10.5591    
  10.6773     -0.851136       11.2503    
  10.0759      -1.23950       11.9608    
  9.96935      -1.48156       13.0572    
  10.1499      -1.55308       14.1977    
  10.1921      -1.59268       15.1438    
  9.91245     -0.746199       15.6006    
