  6.62800     -0.974098       15.2280    
  6.18368     -0.370059       16.0167    
  5.43523      0.132299       16.2931    
  4.97375       1.11664       16.7941    
  5.57321       1.33971       17.5016    
  5.95537      0.576154       18.0611    
  6.08719     -0.146232       18.7908    
  6.38917     -0.776849       18.0996    
  6.25809      -1.36908       17.1604    
  6.28883      -1.41416       16.1970    
  5.70808      -1.51032       15.2120    
  5.63278      -1.79853       14.1258    
  6.22397      -1.46475       13.2875    
  7.51401      -1.31653       12.9520    
  8.11190      -1.66672       13.0877    
  8.78219      -1.96509       13.3323    
  9.58579      -2.29579       12.9080    
  10.3509      -2.63698       12.2224    
  10.7196      -2.38596       11.3810    
  10.3552      -2.04515       10.5282    
  10.1397      -1.39728       9.81528    
  10.5285     -0.752399       9.24470    
  11.0522     -0.319670       8.34111    
  10.9890      0.304615       7.40290    
  11.3215      0.707748       6.41705    
  10.9716      0.942995       5.46245    
  10.4796       1.23796       4.51310    
  10.4727       2.05453       3.78196    
  10.0524       2.22907       2.75845    
  9.46644       2.19206       2.09524    
  8.51561       2.26343       2.11104    
  7.64038       2.64577       2.61059    
  6.85875       3.23494       2.88600    
  5.87025       3.70279       2.72428    
  4.98724       3.97804       2.41711    
  4.44327       3.59898       1.52557    
  3.81658       3.23554      0.622970    
  3.63295       2.42468      0.279598    
  2.88403       2.07656     -0.130519    
  2.03626       1.93282     -0.340628    
  1.41227       1.83513      -1.09284    
  1.26080       2.03944      -2.03294    
  1.28192       2.60272      -2.75597    
 0.808923       3.13258      -3.65901    
 0.602430E-01   3.33953      -4.40233    
 0.216798E-01   2.76972      -5.45496    
 0.336236       2.79731      -6.34609    
  1.21422       3.00795      -7.09634    
  2.25734       3.00329      -7.40870    
  2.90897       3.60931      -7.69322    
  3.36239       4.41940      -7.80283    
  3.61141       5.23717      -7.01773    
  4.16585       5.15679      -6.06619    
  5.17357       4.99421      -5.74118    
  6.16993       4.66573      -5.69493    
  7.06427       4.78293      -6.17936    
  7.89021       5.29159      -6.68403    
  8.43622       5.86295      -6.98883    
  9.11213       6.50514      -6.37654    
  9.65395       6.78004      -5.57382    
  10.2850       7.43657      -4.75962    
  10.2545       7.95505      -3.87596    
  10.4994       8.24939      -3.08737    
  10.9365       8.48142      -2.07597    
  11.4565       8.42910      -1.28924    
  11.3027       9.30727      -1.02601    
  10.4093       9.98178     -0.759997    
  9.43000       10.3152     -0.381755    
  9.03828       9.53723      0.322612    
  8.92133       8.60400      0.806157    
  8.06459       8.19695       1.58157    
  7.47983       7.54624       1.96170    
  7.28769       6.59136       2.22554    
  7.94056       6.64230       1.87458    
  8.20224       7.28352       1.36804    
  7.93557       8.01134       1.04252    
  8.18139       8.84524      0.863048    
  8.83563       9.56321      0.932525    
  9.67946       10.1027      0.638957    
  10.4716       10.0071      0.950275E-01
  10.6781       9.14427     -0.522978    
  10.9770       8.96682      -1.53694    
  11.2802       8.91351      -2.46317    
  11.0865       8.18699      -3.20701    
  10.8202       7.41088      -3.81785    
  9.88462       7.04853      -4.45816    
  9.24897       7.44921      -5.36567    
  9.59434       7.40940      -6.24200    
  9.84553       6.62672      -6.41887    
  9.48323       5.59424      -6.34325    
  8.43844       5.66083      -6.09414    
  7.58480       5.83086      -5.95074    
  6.54703       5.56406      -6.10494    
  5.36204       5.63714      -6.37719    
  4.74378       5.09765      -6.73144    
  3.78783       4.53044      -6.79768    
  2.95323       4.27139      -7.27383    
  2.17577       3.68118      -7.78155    
  1.40494       2.99740      -7.93649    
 0.956864       2.56180      -7.37892    
 0.751799       2.45986      -6.48681    
 0.749626       2.75836      -5.34363    
 0.433611       3.64856      -4.69487    
 0.334128E-01   4.16066      -3.83840    
-0.589586       4.30996      -3.48475    
 -1.43091       4.95988      -3.05358    
 -1.58599       5.72949      -2.05856    
 -2.23911       6.35293      -1.62715    
 -2.87939       6.71507      -1.01752    
 -3.49831       6.50639     -0.182927    
 -3.32996       6.42122      0.919779    
 -3.34239       6.72396       1.85407    
 -4.07035       7.23243       2.54573    
 -5.10948       7.26764       2.64017    
 -6.04862       6.74979       2.59465    
 -6.48997       5.92421       2.95742    
 -6.54669       5.07932       3.51536    
 -7.28888       4.50386       3.79378    
 -7.98495       3.84206       3.58116    
 -8.06576       3.03669       3.19031    
 -8.05851       2.09178       3.12482    
 -7.86097      0.935236       2.94719    
 -8.00909      0.103296       2.53741    
 -8.09054     -0.167164       1.54988    
 -8.43852     -0.210989      0.743486    
 -8.62842     -0.424939     -0.129403    
 -8.08553      -1.02068     -0.964944    
 -7.78896      -1.71851      -1.44574    
 -8.21759      -1.76555     -0.401427    
 -8.09431     -0.810606      0.635486E-01
 -7.78992      0.174798      0.346362    
 -7.63135      0.509423       1.18663    
 -8.26661      0.681684       2.06275    
 -8.70726      0.337445       2.98927    
 -8.47158      0.520308       3.84778    
 -8.15797       1.10413       4.62736    
 -7.47500       1.91356       4.55240    
 -7.11487       2.69211       3.93657    
 -6.99283       3.51488       3.49667    
 -7.28834       4.59409       3.31079    
 -7.36359       5.41449       3.95072    
 -7.09969       6.12428       4.58112    
 -6.50919       6.70861       3.87908    
 -5.88786       6.63585       3.26106    
 -5.56629       6.47262       2.31868    
 -5.01625       5.92004       1.73092    
 -4.17225       6.15188       1.16781    
 -3.64050       6.91008      0.484510    
 -3.21437       7.27188     -0.342852    
 -2.47395       6.43102     -0.515658    
 -2.73232       5.96812      -1.31122    
 -3.08343       6.63065      -2.00339    
 -3.55297       7.21644      -2.73722    
 -3.89381       7.47450      -3.59049    
 -4.20907       7.88576      -4.40311    
 -4.70582       8.78156      -4.71935    
 -5.30324       9.16918      -5.40741    
 -5.50050       9.11799      -6.45267    
 -5.64694       8.51945      -7.19282    
 -4.84136       8.05024      -7.50743    
 -4.22416       8.23107      -7.07094    
 -3.78001       8.52781      -6.20297    
 -3.37411       8.80258      -5.31277    
 -3.28004       9.12923      -4.51178    
 -4.01868       8.68374      -4.07878    
 -4.67035       8.00158      -3.97730    
 -4.85750       6.97937      -3.59339    
 -4.37695       6.31162      -3.04683    
 -3.40404       5.83566      -2.86624    
 -2.44005       6.10537      -2.91885    
 -1.40875       6.06475      -2.67024    
-0.531065       5.54068      -2.97117    
 0.350415E-02   4.64946      -2.78834    
 0.867943E-01   3.60859      -2.73323    
 0.181095       2.66400      -2.25606    
 0.300498       1.64410      -2.52189    
 0.783251      0.964009      -2.92239    
 0.900610      0.529587      -3.80729    
  1.28955     -0.204576      -4.25868    
  1.47913     -0.654652      -5.33696    
  1.06812     -0.255720      -6.29284    
 0.682831      0.696256      -6.47695    
 0.234080       1.14268      -5.76903    
-0.217303       1.07783      -4.79285    
-0.395519       1.09882      -3.67863    
 0.257796      0.759481      -3.15327    
 0.683954      0.122256      -2.64735    
 0.328427     -0.869985      -2.38143    
 0.121515      -1.47116      -1.68480    
-0.351023E-01  -1.50798     -0.767013    
-0.647433      -2.29706     -0.423794    
 -1.41970      -3.06619     -0.879064    
 -1.51158      -3.75487      -1.63963    
 -1.24046      -4.63290      -2.19554    
-0.987517      -5.52320      -2.24623    
 -1.28790      -6.36035      -1.76704    
 -1.10359      -7.14400      -1.26599    
 -1.95063      -7.29063     -0.605057    
 -2.81749      -6.95760     -0.769097    
 -3.61778      -6.58268      -1.28495    
 -4.48736      -6.76165      -1.88953    
 -4.99146      -6.92118      -2.70863    
 -5.46460      -6.29489      -3.26485    
 -6.31946      -5.95634      -3.70321    
 -6.96255      -5.33422      -4.11309    
 -7.60607      -4.99008      -4.84092    
 -8.24618      -4.58076      -5.40863    
 -9.10692      -5.05357      -5.72742    
 -9.90946      -5.69769      -5.43856    
 -9.40048      -6.59701      -5.57335    
 -8.56226      -6.98147      -5.41632    
 -7.75970      -6.74648      -5.92124    
 -6.88986      -6.63116      -6.32886    
 -6.16032      -6.52184      -5.70453    
 -5.67254      -6.41737      -4.78912    
 -5.84517      -5.85235      -3.75990    
 -5.81799      -5.26358      -2.88936    
 -5.58532      -5.66389      -1.94560    
 -5.16784      -6.44209      -1.26705    
 -4.26056      -6.95981      -1.16617    
 -3.43875      -7.30296      -1.29548    
 -2.50838      -7.28141      -1.22815    
 -1.93372      -6.70457      -1.13479    
 -1.43792      -5.74647      -1.30398    
-0.892784      -4.93787      -1.72293    
-0.738094      -3.86963      -1.77600    
-0.578238      -2.73809      -1.86730    
-0.600766      -1.77947      -1.75901    
-0.522001     -0.680504      -1.52215    
-0.233462      0.161423      -1.78710    
 0.532287      0.622371      -1.84017    
  1.46030      0.964587      -2.46702    
  2.41520      0.719621      -2.47449    
  3.43559      0.442312      -2.63113    
  3.87151     -0.457980      -2.15860    
  3.93456      -1.56772      -2.30857    
  4.51588      -1.90745      -3.01735    
  5.16479      -2.16781      -3.70896    
  5.89491      -2.09541      -4.45651    
  6.69591      -1.98176      -4.63998    
  7.54041      -2.39061      -4.78426    
  8.33844      -3.15660      -5.03658    
  8.47189      -3.85056      -5.69623    
  9.04494      -4.44315      -5.95786    
  9.95969      -5.13333      -6.09292    
  10.6667      -5.98832      -6.07546    
  10.8861      -6.86965      -6.42051    
  11.0340      -7.79677      -6.78098    
  11.0305      -8.73195      -7.14829    
  10.7479      -9.77875      -7.66255    
  10.3602      -10.5189      -8.31922    
  9.52833      -10.9174      -9.12177    
  8.88142      -11.8665      -9.12266    
  8.25267      -12.4825      -8.61512    
  7.95633      -13.1052      -8.07158    
  7.40067      -13.4156      -7.19280    
  7.74719      -12.7921      -6.50486    
  8.31817      -11.9350      -6.35911    
  9.22700      -11.4818      -6.61676    
  10.1322      -11.1753      -6.70211    
  10.9409      -10.7619      -7.34594    
  11.5786      -9.93393      -7.52954    
  11.2889      -9.19865      -8.06156    
  10.7928      -8.26697      -7.71957    
  10.6331      -7.67347      -6.73399    
  10.5755      -7.08960      -5.96277    
  10.5256      -6.39666      -5.39130    
  10.0795      -5.36089      -5.25379    
  9.63327      -4.42401      -5.50008    
  9.02069      -3.82382      -6.17411    
  8.39484      -3.14352      -6.23652    
  7.44380      -2.82257      -5.74098    
  6.87260      -2.62555      -4.80395    
  6.65556      -2.75251      -3.78820    
  6.18782      -2.70253      -2.84563    
  5.79664      -2.10130      -1.99956    
  4.92619      -1.60753      -2.01496    
  4.66429     -0.772912      -2.52151    
  3.73573     -0.700328      -2.78401    
  2.89912     -0.131960      -2.47290    
  2.81635      0.782991      -2.03224    
  2.51800       1.68810      -1.38996    
  2.37136       2.64193      -1.17312    
  2.66968       3.62579     -0.898239    
  3.03722       3.60061     -0.453636E-01
  3.39796       3.21789      0.976102    
  4.17704       2.85561       1.71690    
  5.22462       3.12252       2.00957    
  6.29505       3.22054       1.99705    
  7.21957       3.14528       2.22132    
  8.20131       2.95883       2.33980    
  9.11955       2.47382       2.58338    
  9.71280       1.87019       2.80030    
  10.3882       1.33475       3.36261    
  10.8816       1.33937       4.33108    
  11.0204       1.89605       5.20740    
  10.7224       1.93779       6.23286    
  10.1993       1.17071       6.34128    
  9.70987      0.213761       6.34588    
  9.74426     -0.508958       6.92794    
  10.4863     -0.625212       7.71648    
  11.0249     -0.969509       8.55215    
  11.1287     -0.965332       9.37392    
  10.9964      -1.42698       10.1064    
  10.3383      -1.25414       11.1173    
  9.76210      -1.85894       11.9815    
  9.14650      -2.56169       12.6011    
  8.51228      -2.83711       13.2777    
  7.84115      -2.36129       14.0155    
  6.95145      -1.92491       14.6055    
