  8.68705      -2.41490       15.0477    
  7.70929      -1.73604       15.1183    
  6.77043      -1.51753       15.0721    
  6.20387     -0.615476       15.1744    
  5.80257     -0.270606       15.9689    
  5.68691     -0.884441E-01   16.6790    
  6.31852     -0.259468       17.5537    
  6.90685     -0.673709       16.9017    
  6.54987      -1.13401       15.9412    
  5.99536      -1.35036       15.0719    
  6.31515      -2.17009       14.7593    
  7.24164      -1.67163       14.6603    
  7.88216      -1.34009       13.7279    
  8.68591      -1.18757       13.7022    
  9.64448      -1.13570       13.9480    
  10.5530     -0.982222       13.6203    
  11.3897     -0.515803       13.3011    
  11.8355     -0.720647E-01   12.5067    
  11.5032     -0.352120E-01   11.5445    
  11.1723     -0.173443       10.8605    
  10.3871     -0.252621       10.2545    
  9.88038     -0.459873       9.44079    
  10.2619     -0.394824E-01   8.70649    
  10.6403      0.154858       7.74140    
  11.0776     -0.111598E-01   6.83255    
  10.3426      0.443103       6.13813    
  9.65176      0.808008       5.44183    
  9.22781       1.69453       5.08482    
  8.93765       2.55654       4.50320    
  8.34317       2.94455       3.71251    
  7.75475       2.87029       2.94523    
  7.43762       3.03523       2.16917    
  6.76020       3.42080       1.52991    
  6.25962       4.32215       1.30689    
  5.39005       4.81372       1.08262    
  5.04893       4.80880      0.466668E-01
  4.44391       4.33088     -0.682127    
  4.71359       3.54112      -1.30159    
  4.60661       2.83873      -1.79934    
  3.82120       2.27767      -2.25294    
  2.90414       2.28599      -2.46763    
  2.27123       2.39107      -3.10921    
  1.42833       2.98090      -3.56917    
 0.982669       3.53796      -4.13362    
 0.884734       3.35827      -5.06623    
 0.368670       3.57172      -5.92558    
 0.161781       3.95978      -6.83669    
 0.402537       4.00614      -7.69250    
  1.09052       4.04015      -8.08452    
  1.96209       3.81247      -8.70134    
  3.03352       4.21177      -9.06185    
  3.98732       4.43071      -8.60732    
  4.51023       4.08532      -7.74585    
  5.44000       3.73273      -7.08844    
  6.31526       4.12980      -7.46639    
  7.16802       4.78422      -7.43491    
  7.37374       5.87109      -7.19411    
  8.11609       6.41338      -6.72578    
  9.14320       6.73288      -6.80623    
  9.75918       7.37010      -6.59816    
  9.54706       8.38941      -6.38096    
  9.39735       8.77093      -5.23385    
  9.32886       9.32210      -4.23224    
  9.29205       9.71739      -3.37234    
  8.64191       10.1309      -2.68382    
  8.11874       10.2634      -1.87727    
  8.08013       10.0860      -1.14240    
  8.48517       9.48399     -0.275545    
  9.22934       9.29098      0.461451    
  9.03376       9.72738       1.13420    
  8.81902       10.6736       1.56808    
  8.64168       11.2343       2.26770    
  7.78843       11.0532       2.66008    
  7.32168       10.0378       2.75328    
  7.34458       9.17362       2.69132    
  7.45206       8.84924       1.69949    
  7.95793       9.06378      0.807792    
  7.95512       9.92283     -0.555570E-01
  8.51344       10.5784     -0.648851    
  9.42947       10.6638      -1.41351    
  9.56296       10.0713      -2.20868    
  9.25091       9.48392      -2.84562    
  8.83656       9.31904      -3.68684    
  8.48773       9.68846      -4.58845    
  9.06344       9.69414      -5.59592    
  9.96133       8.85586      -5.70782    
  10.0589       7.90771      -5.91290    
  9.11873       7.44697      -6.35233    
  8.68398       7.16938      -7.25529    
  7.99925       6.40080      -7.46353    
  7.92590       5.54213      -7.42158    
  7.49554       4.73308      -6.80761    
  6.41587       4.83113      -6.91469    
  5.61361       4.46465      -7.41385    
  5.08341       3.89647      -8.12212    
  4.04698       3.60889      -8.48398    
  3.18744       4.09829      -8.40431    
  2.50227       4.66075      -8.27481    
  1.93291       4.37703      -8.98026    
  1.39391       3.64265      -8.97550    
  1.21882       3.53712      -7.95133    
  1.22376       3.46973      -7.00560    
  1.22172       4.01804      -6.19300    
  1.23550       4.56338      -5.44837    
 0.644563       4.94095      -4.71634    
-0.333813       4.99667      -4.27489    
 -1.17829       5.28246      -3.77904    
 -1.81628       5.71323      -2.96685    
 -2.06048       5.83339      -2.03839    
 -2.16640       5.78773      -1.12361    
 -2.99579       5.59816     -0.306544    
 -3.30000       5.25920      0.640954    
 -3.97054       5.43359       1.34180    
 -4.61539       5.98062       1.95868    
 -5.38223       6.06453       2.40240    
 -6.33403       5.80144       2.59866    
 -6.88116       5.07487       2.31636    
 -7.60132       4.50225       2.10757    
 -8.05589       3.61693       2.29404    
 -8.48893       2.72606       2.44804    
 -8.86186       1.96786       1.82249    
 -9.13711       1.17644       1.16017    
 -9.27396      0.148768      0.835329    
 -9.14457     -0.650966      0.298517    
 -8.66041     -0.847381     -0.545008    
 -7.88161      -1.31104     -0.881196    
 -7.41302      -1.54065      -1.82139    
 -6.41513      -1.58839      -1.77371    
 -6.20892      -1.36399     -0.702164    
 -6.98164      -1.24749     -0.612887E-01
 -7.71709     -0.643629      0.137738    
 -8.50077     -0.464003E-01  0.213987    
 -9.13291      0.514399      0.356400    
 -9.76265      0.912020      0.858719    
 -9.35835      0.844207       1.71633    
 -8.74487       1.60686       2.00664    
 -8.19548       2.25525       1.83851    
 -8.44378       3.12036       1.68718    
 -8.47002       3.83222       2.56228    
 -8.09811       4.36269       3.46781    
 -7.07570       4.61152       3.01320    
 -6.32047       4.74377       2.40604    
 -5.78714       5.08571       1.79411    
 -5.34445       5.80018       1.21323    
 -4.80372       6.40374      0.861838    
 -3.84797       6.44301       1.19615    
 -2.96492       6.10596      0.967608    
 -2.20424       5.36627      0.328440    
 -1.89825       4.66874     -0.640347    
 -2.09958       4.90870      -1.69809    
 -2.40630       5.48175      -2.59993    
 -2.49771       6.28098      -3.33591    
 -2.11657       7.30876      -3.47166    
 -2.23132       8.45884      -3.77309    
 -2.41728       9.54621      -4.14322    
 -3.25531       9.63687      -4.60837    
 -4.34044       9.68147      -4.74257    
 -4.91462       9.47295      -5.30024    
 -5.02574       9.30782      -6.41946    
 -4.41648       9.92776      -6.82740    
 -4.24373       10.5287      -6.14394    
 -4.28903       10.6952      -5.24119    
 -3.88112       10.4669      -4.42003    
 -3.34204       10.0385      -3.68086    
 -2.98530       9.21339      -3.66390    
 -2.56363       8.36142      -4.18917    
 -2.12781       7.54298      -4.61036    
 -1.50124       6.78424      -4.70947    
-0.539124       6.32300      -4.42626    
 0.326352       5.40002      -4.14312    
 0.605721       4.69459      -3.54607    
 0.867939       3.79735      -3.01978    
  1.24611       2.89368      -3.04623    
  1.54071       1.90280      -3.09179    
  1.72383      0.918017      -3.44190    
  1.53861     -0.163898      -3.51452    
  1.13852      -1.03946      -3.57314    
 0.486333      -1.99648      -4.12806    
-0.159035E-01  -2.07888      -4.94867    
-0.109721E-01  -1.78326      -5.95323    
 0.585105E-01  -1.38117      -6.87393    
 0.692115     -0.737168      -7.60706    
  1.12087      0.257411      -7.99499    
  1.39412       1.10192      -7.12776    
  1.54394       1.41063      -6.24438    
  1.10966       1.27017      -5.33819    
 0.912702       1.08117      -4.27843    
 0.902623      0.473934      -3.60386    
 0.978867     -0.654422      -3.14516    
 0.561235      -1.14428      -2.09081    
 0.781743E-01  -1.78307      -1.47327    
-0.765565      -2.44828      -1.18028    
 -1.55392      -2.61795      -1.87470    
 -1.60317      -3.32614      -2.26628    
-0.923230      -4.11063      -2.20160    
-0.749996      -4.86603      -1.50361    
-0.738537      -5.52825     -0.479448    
 -1.64872      -5.97486     -0.144020E-01
 -2.55808      -5.59167     -0.227549    
 -3.58077      -5.70219     -0.282304    
 -4.39606      -5.56383     -0.798426    
 -5.27902      -5.87878      -1.24318    
 -6.19962      -6.65720      -1.41582    
 -6.86936      -6.70111      -2.00428    
 -7.61011      -6.09300      -2.59149    
 -8.53627      -5.81076      -2.41600    
 -9.61603      -5.42537      -2.69973    
 -10.6431      -5.15655      -3.00768    
 -11.5462      -5.39455      -3.53127    
 -11.3354      -5.59739      -4.48813    
 -10.7529      -5.75318      -5.37905    
 -9.83329      -5.55197      -5.90190    
 -8.99607      -5.50131      -5.42412    
 -8.71252      -5.02558      -4.76973    
 -8.16052      -4.86202      -3.85852    
 -7.82165      -5.40393      -3.01719    
 -7.20192      -5.76497      -2.27716    
 -6.87281      -6.08314      -1.22664    
 -6.13121      -6.31537     -0.920078    
 -5.21344      -6.47935     -0.675480    
 -4.12397      -5.97278     -0.946581    
 -3.24475      -5.40205      -1.07146    
 -2.32859      -5.08248     -0.866022    
 -1.88369      -4.25085      -1.22035    
 -1.13698      -3.67230      -1.49864    
-0.979663      -2.76611      -1.93382    
-0.425756      -1.92372      -1.92137    
 0.285105E-01 -0.873937      -1.92137    
 0.498646      0.596138E-01  -1.99513    
  1.34977      0.525264      -2.10029    
  2.16784      0.850528      -2.75529    
  3.17977      0.718145      -3.23930    
  3.84474     -0.135081      -3.24910    
  4.64997     -0.497900      -2.65622    
  5.23953      -1.31226      -2.51103    
  5.96683      -1.98473      -2.79038    
  6.37523      -1.83996      -3.48836    
  6.99642      -1.14639      -4.02593    
  7.92036      -1.59697      -4.33904    
  8.56882      -2.34970      -4.17124    
  8.93581      -3.15831      -4.28514    
  8.86522      -4.09476      -4.68132    
  8.83768      -4.59042      -5.59731    
  9.14875      -5.10555      -6.22192    
  9.64356      -5.00383      -7.29330    
  10.0763      -5.28333      -8.13017    
  10.1430      -5.83790      -8.87464    
  10.3631      -6.60701      -9.45448    
  10.1292      -7.53238      -9.13356    
  10.0619      -8.47089      -9.28325    
  9.70976      -9.13426      -9.82694    
  9.46246      -9.97177      -10.5304    
  9.60113      -10.8924      -11.1674    
  9.47092      -11.8438      -11.0118    
  8.45112      -12.1999      -11.3044    
  7.56174      -12.2541      -10.7266    
  8.04534      -11.9531      -9.97548    
  8.47469      -11.4871      -9.32159    
  9.51927      -11.3243      -9.21655    
  9.94924      -10.5661      -9.19657    
  10.2310      -9.65101      -9.81605    
  10.1259      -8.67263      -10.0965    
  9.81992      -7.71699      -10.1285    
  8.84947      -7.46689      -9.76758    
  8.25867      -6.88918      -9.21375    
  8.65230      -6.56428      -8.34385    
  9.20540      -6.43510      -7.59550    
  9.58659      -5.73559      -7.04638    
  9.73687      -5.03350      -6.32540    
  9.95393      -3.99313      -6.15620    
  9.72049      -3.57320      -5.23689    
  8.83447      -3.14178      -4.77122    
  7.76907      -2.50334      -4.61045    
  7.41486      -1.80490      -4.06155    
  6.82138      -1.54243      -3.18316    
  5.88646      -1.36724      -3.44158    
  4.83673      -1.10944      -3.51447    
  3.98923     -0.812147      -2.86772    
  3.28937     -0.119296      -2.51683    
  3.25107      0.899913      -2.83830    
  3.18179       1.80676      -2.97132    
  3.72175       2.49815      -2.95134    
  3.47656       2.97496      -2.11281    
  3.75129       3.75457      -1.43448    
  4.16854       3.78935     -0.549162    
  4.89038       4.16091      0.954556E-01
  5.85906       4.45189      0.108430    
  6.50139       5.15508      0.395285    
  7.33244       5.31844       1.02334    
  7.35888       4.58526       1.91659    
  7.07396       3.67517       2.31216    
  6.86904       2.91706       2.93209    
  7.56820       2.32356       3.35627    
  8.48647       1.89485       3.92196    
  9.51569       2.10397       4.38328    
  10.3987       1.80820       5.01266    
  10.9125       1.70269       5.93164    
  10.5399       1.01706       6.74002    
  10.1634      0.300811       7.39871    
  10.2514     -0.419821       8.15000    
  10.6510     -0.621115       9.07452    
  10.9740     -0.500681       9.99492    
  11.5531     -0.106154       10.7227    
  11.8158      0.746222       11.3362    
  11.9640       1.18755       11.9962    
  11.2203       1.05377       12.5886    
  10.8043      0.177916       12.8686    
  10.4036     -0.804940       13.0861    
  10.0119      -1.66341       13.4246    
  9.29110      -2.19689       14.0751    
