  7.73220      -1.30322       13.6251    
  7.53725     -0.463305       14.0157    
  6.80081      0.951693E-01   14.4535    
  5.92281      0.575950E-01   15.0699    
  5.44955     -0.664869       16.0546    
  5.06813     -0.674392       16.9685    
  5.76811     -0.906835       17.7209    
  6.65450     -0.750841       17.7547    
  7.00368     -0.649261       16.6878    
  6.75290     -0.469985       15.7108    
  6.16857     -0.447601       14.8839    
  6.33330     -0.302471       13.9764    
  7.12959     -0.562005       13.2665    
  7.95638     -0.396885       12.9638    
  8.93805     -0.759974       13.0977    
  9.86547     -0.932798       13.1474    
  10.8243     -0.542105       12.7155    
  11.0558     -0.197077       11.9058    
  11.3505      0.523294       11.3043    
  11.5186      0.796731       10.3961    
  11.3456       1.04051       9.53303    
  11.7261       1.20809       8.56533    
  12.2126      0.851995       7.69413    
  11.7605      0.229890       7.09388    
  10.9385      0.443071       6.53486    
  10.6701      0.818066       5.60672    
  10.3553       1.08488       4.79279    
  9.97930       2.02682       4.54508    
  9.95099       2.88907       3.98889    
  9.56619       3.57613       3.33464    
  9.05936       3.86145       2.56160    
  8.37791       4.10065       1.89857    
  7.54844       3.49478       2.03109    
  6.67850       4.00715       1.86273    
  5.80782       4.43627       1.47707    
  5.35759       4.92791      0.639426    
  4.75855       5.31789      0.224157E-01
  4.36630       4.86883     -0.634003    
  3.92275       4.02881      -1.25619    
  3.55749       3.54047      -2.08595    
  2.69228       2.91223      -2.61684    
  2.03325       3.11386      -3.44091    
  1.26666       3.14563      -4.17938    
 0.719785       3.27713      -5.04613    
 0.464049       4.03615      -5.76300    
 0.929006       4.72713      -6.36062    
 0.986249       4.29449      -7.31238    
  1.67984       3.45333      -7.87798    
  2.51569       3.53522      -8.31459    
  3.44470       3.99853      -8.70296    
  4.24206       4.67776      -8.88156    
  4.08837       5.55245      -8.66973    
  4.43358       6.10920      -7.81604    
  5.18795       6.08639      -7.01246    
  6.27404       5.83834      -7.03748    
  6.91948       6.49170      -7.63298    
  7.17653       7.60552      -7.97690    
  7.87704       8.15483      -8.11285    
  8.93781       8.33033      -7.82818    
  9.52546       9.23616      -7.77608    
  9.26104       10.1381      -7.20471    
  9.11479       9.92073      -6.28226    
  8.81036       9.96352      -5.34045    
  8.98799       10.1554      -4.14275    
  9.02422       10.2706      -3.26360    
  8.66457       10.4964      -2.46746    
  7.95050       10.4106      -1.77348    
  7.92334       10.5659     -0.518561    
  8.33263       11.0516      0.352065    
  8.85563       11.7663       1.03631    
  9.33632       12.0081       1.83291    
  9.43264       11.7502       2.61025    
  8.74763       10.9720       2.91377    
  8.00697       10.6439       2.24606    
  7.61913       11.1276       1.34583    
  7.79623       11.8384      0.772621    
  8.13917       12.0182      0.498198E-01
  8.43262       11.8621      -1.03342    
  8.47363       11.1268      -1.69837    
  9.01598       10.2911      -2.18952    
  9.01113       9.59328      -2.89463    
  8.29093       9.13403      -3.56955    
  7.99870       9.85150      -4.12489    
  8.64998       10.5847      -4.77623    
  9.16569       10.6695      -5.67406    
  9.84420       10.4193      -6.21183    
  9.63126       9.50003      -6.65570    
  9.08024       9.23571      -7.56478    
  8.83250       8.96495      -8.50354    
  8.31288       8.12688      -8.54784    
  8.10816       7.20743      -8.11960    
  7.38489       6.79203      -7.40572    
  6.43062       6.84922      -6.94100    
  5.45747       6.56531      -7.15408    
  5.34792       5.97506      -7.62486    
  4.72524       5.56715      -8.51084    
  4.00940       5.18358      -8.26195    
  3.11597       4.75393      -8.38018    
  2.23871       4.65653      -8.55418    
  1.24390       4.39183      -8.54447    
 0.532148       3.90493      -8.10477    
 0.343160       3.77663      -7.20797    
  1.16964       4.09659      -6.49955    
  1.19547       4.23777      -5.69161    
 0.978497       4.69943      -4.76105    
 0.933549       5.08487      -3.73509    
 0.468185       5.67592      -3.08941    
 0.272253       6.14683      -2.03206    
-0.371183       6.20868      -1.25440    
 -1.33056       5.85225      -1.01707    
 -2.04316       5.61965     -0.616478    
 -2.66995       5.63233      0.270349    
 -3.26247       6.44761      0.583727    
 -4.14605       6.77724      0.926305    
 -4.97217       6.73162       1.65324    
 -5.96106       6.20067       1.97476    
 -6.30956       5.42490       2.33238    
 -6.24887       4.71127       3.03072    
 -6.52335       3.91562       3.40923    
 -7.31032       3.43643       3.20898    
 -8.06010       2.97750       2.70299    
 -7.69160       1.97134       2.29217    
 -7.56508       1.25690       1.74513    
 -7.27448      0.559734       1.08539    
 -7.70501      0.281630      0.419537    
 -7.83259      0.168586     -0.694196    
 -7.80399      0.350573E-01  -1.53402    
 -7.45613     -0.289454      -2.41274    
 -6.42517     -0.797682E-01  -2.39240    
 -6.18299      0.176213      -1.31904    
 -6.76286      0.718989     -0.440807    
 -7.56479       1.17496     -0.100786    
 -8.11681      0.881927      0.804571    
 -8.30443      0.392416       1.66396    
 -7.82419      0.496792       2.56308    
 -7.53101       1.22430       2.79399    
 -7.30766       2.49421       2.60467    
 -7.23280       3.52073       2.75656    
 -7.31063       4.57587       2.99534    
 -6.59326       5.25727       3.15326    
 -5.64751       5.87148       2.72292    
 -4.85459       5.94138       2.03714    
 -4.47126       5.88336      0.969045    
 -3.95020       6.02830      0.782701E-02
 -3.05002       6.56441     -0.207113    
 -2.25799       6.18478      0.588207E-01
 -1.46137       5.55665      0.207127    
-0.784423       4.89992     -0.110986E-02
-0.259855       5.20803     -0.844771    
-0.269536       5.80120      -1.85861    
-0.695867       6.42134      -2.17480    
 -1.08648       7.25990      -2.79750    
 -1.32425       7.55420      -3.76189    
 -1.84296       7.63898      -4.47750    
 -2.49624       8.30085      -5.09034    
 -2.98233       9.05344      -5.50481    
 -2.98713       9.97725      -5.78876    
 -3.46429       10.8053      -6.16017    
 -4.17440       11.1178      -6.77989    
 -5.11344       10.8912      -6.52948    
 -4.23801       10.3351      -6.52998    
 -3.12669       10.4739      -6.66443    
 -2.56706       9.62543      -6.27611    
 -2.04559       8.92040      -5.53521    
 -2.18049       8.85975      -4.61356    
 -2.26194       7.97445      -4.19708    
 -1.99002       6.95587      -3.99106    
 -1.01947       6.59013      -3.59898    
-0.822986E-01   6.56049      -3.13447    
 0.897972       6.24784      -2.90477    
  1.13178       5.33241      -3.05784    
  1.16190       4.35238      -3.32919    
 0.900222       3.45669      -3.53877    
  1.11333       2.55472      -3.86535    
  1.79375       1.67489      -4.10671    
  1.96380      0.688701      -4.42022    
  1.38067     -0.220906      -4.79563    
  1.41360      -1.07031      -5.50697    
  1.15421      -1.33240      -6.55572    
 0.973930      -1.25364      -7.54599    
 0.940466      -1.00538      -8.38612    
  1.11748      0.127308      -8.84864    
 0.785768      0.909963      -8.36154    
 0.291477      0.857410      -7.53213    
 0.193684       1.35178      -6.54727    
 0.407591       1.41375      -5.69497    
 0.721171       1.11016      -4.90145    
  1.30952      0.567092      -4.24657    
  1.41746     -0.117721      -3.58375    
 0.968927     -0.809845      -2.84998    
 0.616361      -1.19690      -1.96456    
 0.489652E-01  -1.33353      -1.17104    
-0.835019      -1.22621     -0.951403    
 -1.87513      -1.24206      -1.33852    
 -2.47521      -1.77487      -1.81228    
 -2.46356      -2.81730      -1.61978    
 -2.45217      -3.68495      -1.18685    
 -2.98850      -4.44928     -0.894725    
 -3.66560      -4.62252     -0.172615    
 -4.35430      -4.25637     -0.594083E-02
 -5.10159      -4.20931     -0.446487    
 -5.54873      -4.79701      -1.09516    
 -6.01041      -5.72853      -1.58537    
 -6.76347      -5.82402      -2.36338    
 -7.79708      -5.70880      -2.75027    
 -8.67809      -5.58498      -3.23822    
 -9.20379      -4.86304      -3.51578    
 -9.98262      -4.64767      -3.81924    
 -10.5879      -4.68664      -4.62129    
 -10.4738      -5.18888      -5.43494    
 -10.1514      -6.14675      -5.84242    
 -9.22863      -6.67656      -5.64177    
 -8.66095      -6.91844      -4.87054    
 -8.16286      -6.35789      -4.04345    
 -7.43606      -5.85008      -3.58574    
 -7.28041      -5.17697      -2.81958    
 -6.81960      -4.87044      -1.84337    
 -6.48213      -5.04224     -0.958902    
 -5.69181      -5.06769     -0.294832    
 -4.68446      -5.09568     -0.568738    
 -3.85594      -5.01703     -0.922502    
 -3.35419      -4.09863      -1.07997    
 -3.05447      -3.06613     -0.763668    
 -2.64410      -2.22045      -1.00276    
 -1.71938      -1.97740      -1.45789    
 -1.09237      -1.25771      -1.66356    
-0.872877     -0.264457      -1.75899    
-0.510869      0.414536      -2.29414    
 0.287676      0.363847      -3.11043    
  1.25068      0.498558      -3.30505    
  2.34188      0.336126      -3.57886    
  3.37173      0.629756      -3.30782    
  4.22705      0.351369      -2.83807    
  4.74003     -0.664595      -2.72252    
  5.48327      -1.57129      -2.83851    
  5.99314      -1.99848      -3.61734    
  6.17085      -2.02006      -4.52598    
  6.47755      -1.77240      -5.55453    
  7.25570      -1.70219      -5.91689    
  7.96440      -1.28869      -5.56761    
  8.83542      -1.27022      -5.39470    
  9.20750      -2.37065      -5.36070    
  9.66796      -3.22260      -5.44934    
  9.59889      -3.69012      -6.45574    
  10.1896      -4.27564      -7.30793    
  10.1912      -4.76513      -8.26684    
  9.82385      -5.56663      -8.48939    
  9.98144      -6.46445      -8.94095    
  10.1290      -7.22396      -9.58724    
  9.83483      -7.78693      -10.2567    
  9.56663      -8.96205      -10.5593    
  9.43553      -9.98951      -11.0731    
  9.60812      -11.0415      -11.0595    
  9.26592      -11.9865      -10.9530    
  8.60792      -12.6701      -11.0609    
  7.91803      -11.9794      -10.6120    
  7.84911      -11.0799      -10.3434    
  8.71362      -10.4812      -10.3706    
  9.73068      -10.0556      -10.3329    
  10.2696      -9.24142      -10.5928    
  9.99157      -8.33829      -11.0258    
  9.20936      -7.66786      -11.2465    
  8.55098      -7.16974      -10.7059    
  7.92851      -6.71466      -10.3124    
  8.48147      -6.32231      -9.37787    
  8.94988      -5.66195      -8.44526    
  9.69148      -5.37014      -7.86817    
  10.6386      -5.07471      -7.49890    
  10.9098      -4.74424      -6.53290    
  10.3822      -3.92966      -6.10915    
  9.90977      -3.09792      -6.28908    
  8.84022      -2.53567      -6.07315    
  8.15757      -1.88160      -5.34082    
  7.59215      -1.63558      -4.59124    
  6.76163      -1.64471      -4.00602    
  5.85289      -1.45315      -4.00119    
  4.93750      -1.21825      -4.18746    
  4.35458     -0.737049      -3.73579    
  3.83749     -0.424640      -3.00863    
  3.28005      0.302941      -2.68507    
  2.66729       1.16740      -2.49352    
  2.90616       2.29865      -2.75879    
  3.21871       3.62404      -2.72029    
  3.82600       4.34689      -2.57067    
  3.89810       5.27787      -2.03747    
  3.68415       5.52927      -1.00956    
  4.02405       4.87603     -0.258534    
  4.98230       4.45989      0.339183    
  6.00997       4.33526      0.836943    
  6.73802       4.71105       1.35224    
  7.04582       4.55971       2.34175    
  7.82131       4.21635       2.55888    
  8.66997       3.71829       2.74213    
  9.37982       2.75700       2.61214    
  10.2647       2.16848       3.04434    
  11.0746       1.57956       3.51836    
  11.2927       1.32815       4.54062    
  11.4557      0.787985       5.51448    
  11.4516      0.726002       6.62473    
  11.1363      0.805069       7.66014    
  11.3890      0.551810       8.55591    
  11.9481      0.576490       9.47812    
  12.7268      0.574624       9.78183    
  12.8101      0.265781       10.7690    
  12.3851     -0.177694       11.6730    
  11.7312      0.463965E-01   12.4735    
  10.9430      0.368901E-01   13.0288    
  9.99327     -0.231161       12.4524    
  9.23209      -1.05264       12.7399    
  8.45668      -1.36449       13.2053    
