  7.69393     -0.638607E-01   15.7595    
  6.80331     -0.353989       16.0919    
  5.79357     -0.380963       16.0484    
  4.70299     -0.432173       16.1179    
  3.89173     -0.723091       16.5671    
  3.81797     -0.653001       17.5750    
  4.63349     -0.769921       18.1579    
  5.40856      -1.29347       17.7114    
  5.55704      -1.13716       16.6553    
  6.27972     -0.783289       16.0591    
  7.09341     -0.612396       15.3664    
  7.96157     -0.838516E-01   15.0893    
  9.06617      0.778883E-01   14.9461    
  10.1048     -0.151462       14.8058    
  10.8629     -0.671528       14.4965    
  11.2942     -0.848787       13.5993    
  11.8189     -0.914350       12.7951    
  11.9375     -0.384146       11.9531    
  12.1965      0.176086       11.1945    
  12.3263      0.160312       10.1681    
  12.7095      0.205027E-01   9.27078    
  12.4604     -0.144871       8.15770    
  12.3833     -0.479124       7.40112    
  11.6977     -0.269120       6.59253    
  10.7275      0.779794E-01   5.99991    
  10.6990       1.14089       6.15962    
  10.3437       1.89576       5.66532    
  10.1456       2.61355       4.97601    
  9.39155       3.05891       4.29938    
  8.92111       3.21920       3.38065    
  8.42544       3.59278       2.54284    
  7.61745       3.65950       1.96938    
  6.99666       4.20855       1.77115    
  6.38390       4.77897       1.31781    
  5.97868       5.64087      0.753740    
  5.57362       6.36075      0.320325    
  4.71502       5.97480     -0.177223    
  4.29438       5.07796     -0.304714    
  3.54802       4.25263     -0.484657    
  2.85838       3.64867      -1.18177    
  2.69842       3.81249      -2.12955    
  2.54642       4.04057      -3.06782    
  1.79244       3.75528      -3.76231    
  1.18207       3.69684      -4.32669    
 0.298325       3.99444      -4.67988    
-0.146052       4.31532      -5.79583    
-0.167986E-02   4.52134      -6.47689    
 0.750258       4.13169      -6.93777    
  1.44425       3.90931      -7.61823    
  2.17007       3.67064      -8.24225    
  2.85148       4.35603      -8.49649    
  3.20529       5.33866      -8.59350    
  4.02452       5.80537      -8.28316    
  5.20503       5.85603      -7.89675    
  6.09447       5.54379      -8.06210    
  7.07160       5.63284      -8.54027    
  7.92225       6.15571      -8.60507    
  8.70194       6.88463      -8.41775    
  9.03547       7.71466      -7.81982    
  8.88001       8.19252      -6.67567    
  8.88359       8.83336      -6.09195    
  8.45116       9.22455      -5.13583    
  7.78444       9.18690      -4.39857    
  7.69071       9.53814      -3.40776    
  7.91692       10.4471      -2.71663    
  7.39582       11.1153      -1.94284    
  7.13489       11.4128      -1.02755    
  7.40469       11.6878     -0.611769E-01
  7.59433       11.6365      0.915509    
  8.36602       11.6189       1.41399    
  9.04351       12.0563       2.02481    
  8.92451       12.0948       3.23908    
  8.16124       11.7305       3.89389    
  7.18247       11.9497       3.26638    
  7.82328       12.0803       2.36756    
  8.04191       12.2557       1.30053    
  8.45114       12.3368      0.321197    
  8.13978       11.9392     -0.597306    
  7.73398       11.1361      -1.03892    
  7.57246       10.6593      -1.80601    
  7.41057       10.4204      -2.52407    
  7.37109       10.1049      -3.43682    
  7.99220       9.85837      -4.22953    
  8.56351       9.20556      -4.35914    
  8.42829       8.58913      -5.05684    
  8.11127       8.53973      -6.11782    
  8.58670       8.48251      -7.01158    
  8.99901       8.30540      -7.95535    
  9.62767       7.62024      -8.54866    
  9.65717       6.64422      -8.38480    
  8.88350       6.07446      -7.81835    
  7.92545       6.00421      -8.10887    
  7.05067       6.64854      -8.55558    
  6.10291       6.29501      -8.49305    
  5.38158       5.63379      -8.53851    
  4.54042       5.17145      -8.42349    
  3.89444       4.62402      -8.12416    
  2.78405       4.43017      -8.07019    
  1.81587       4.52084      -8.04340    
  1.05066       4.02806      -8.25854    
 0.603100       3.42967      -7.70009    
 0.397973       3.32419      -6.62259    
 0.680304       3.88552      -6.06878    
 0.637081       4.47594      -5.25465    
 0.251459       5.04036      -4.37701    
 0.355172       4.81537      -3.11936    
 0.149882E-01   5.34349      -2.26627    
-0.455179       5.97342      -1.58347    
-0.989204       6.03928     -0.802003    
 -1.85886       5.92763     -0.286830    
 -2.42361       6.00081      0.595736    
 -2.96798       5.60642       1.36464    
 -3.82524       5.97374       1.87415    
 -4.75474       6.00887       2.34763    
 -5.61488       5.99328       2.79581    
 -6.65112       5.94074       2.58863    
 -7.43608       5.33337       2.58402    
 -7.33529       4.27927       2.72038    
 -7.25055       3.25152       3.13949    
 -7.00596       2.43226       3.83607    
 -7.26532       1.58671       3.68452    
 -7.46547       1.24715       2.89958    
 -7.40601       1.36931       1.78373    
 -6.97210       1.00645      0.953068    
 -6.93249     -0.716659E-01  0.570152    
 -7.26701     -0.739761     -0.150094    
 -6.89113      -1.15998      -1.28437    
 -6.64940      -2.02150      -1.33427    
 -6.33156      -2.34282     -0.533277    
 -6.15725      -1.29456     -0.368232    
 -6.70580     -0.450676     -0.232521    
 -7.38627      0.220499      0.344423E-02
 -7.55720      0.297189      0.884978    
 -7.27889      0.266879       1.85819    
 -6.81117      0.957028       2.51775    
 -6.90672       1.95861       2.65087    
 -7.42529       2.34148       3.39276    
 -7.76528       3.20663       3.72018    
 -7.60690       4.07351       3.87167    
 -6.94306       4.68458       3.21465    
 -6.58566       4.94998       2.46563    
 -6.29271       5.02525       1.42506    
 -5.71175       5.76989      0.908804    
 -4.99253       6.48904       1.20958    
 -3.99473       6.83970       1.37596    
 -3.10189       6.59786       1.26321    
 -2.15747       6.30244       1.34722    
 -1.35904       5.93528       1.00112    
 -1.29206       5.46272      0.100914    
 -1.30917       5.42628     -0.946339    
 -1.10797       6.03348      -1.84009    
-0.916953       6.43310      -2.63405    
-0.393740       6.85818      -3.13754    
-0.410161       7.21665      -4.19372    
 -1.29885       7.20693      -4.96898    
 -2.26235       7.42904      -5.23067    
 -2.88164       7.87751      -5.73482    
 -3.41355       8.88690      -5.74265    
 -4.10637       9.76797      -5.63765    
 -4.66297       9.43532      -4.93576    
 -4.60006       8.49551      -5.30898    
 -4.14312       8.18502      -6.02825    
 -3.12206       8.13148      -6.41936    
 -2.24732       8.37628      -5.98790    
 -1.65351       8.28575      -5.12785    
 -1.51250       7.98202      -4.09419    
 -1.20540       7.15789      -3.84970    
-0.578606       6.32223      -3.62198    
-0.161503       5.79846      -3.36251    
 0.645187       5.40904      -2.85633    
  1.47938       4.93993      -2.35682    
  1.92938       4.25374      -2.79705    
  1.92930       3.35655      -3.20918    
  1.35924       2.65631      -3.38643    
  1.45948       1.72032      -3.43468    
  1.45273      0.750392      -3.58074    
  1.50621     -0.635263E-01  -4.29476    
  1.04626     -0.693702      -4.99674    
 0.490499     -0.629834      -5.83556    
 0.221274     -0.544090      -6.85384    
 0.948237E-01 -0.988711E-01  -7.67081    
 0.473390      0.757606      -7.81576    
 0.909804       1.46460      -7.61128    
 0.837686       1.60182      -6.48310    
 0.839867       1.42381      -5.60177    
 0.764319       1.64403      -4.61216    
 0.726298       1.22445      -3.71087    
  1.00466      0.380515      -3.03600    
  1.17632     -0.501770      -2.38876    
  1.18043      -1.00543      -1.57335    
 0.529601     -0.759149      -1.07099    
-0.365373     -0.595642      -1.43088    
-0.930216     -0.383730      -2.05544    
 -1.61909     -0.855471      -2.22480    
 -1.90728      -1.82290      -2.33252    
 -2.10312      -2.61858      -1.78933    
 -2.51358      -3.16764     -0.924055    
 -3.25290      -3.07858     -0.418579    
 -4.19784      -3.35141     -0.225249    
 -4.93560      -4.10783     -0.195910    
 -5.75598      -4.78405     -0.315117    
 -6.10550      -5.65572      0.128638E-01
 -6.88780      -6.14824      0.195028    
 -7.62265      -6.76485     -0.196588E-01
 -8.36915      -6.60697     -0.685681    
 -8.89696      -6.01401      -1.14627    
 -9.36017      -5.43266      -1.58190    
 -10.1773      -5.22532      -2.45160    
 -10.4245      -6.03201      -2.96824    
 -9.85902      -6.45175      -3.65439    
 -9.14749      -6.79193      -4.30843    
 -8.37008      -6.58822      -4.58772    
 -7.35492      -6.47984      -4.41760    
 -6.80991      -6.37455      -3.63232    
 -6.71305      -5.94302      -2.66115    
 -6.79237      -5.55784      -1.55776    
 -7.23330      -5.58723     -0.876682    
 -7.02812      -4.84056     -0.849826E-01
 -6.05527      -4.95276      0.405821    
 -4.99622      -4.97947      0.609450E-01
 -4.23079      -5.09317     -0.440075    
 -3.93220      -4.31700     -0.561777    
 -3.74178      -3.31507      -1.11526    
 -3.35637      -2.16452      -1.52823    
 -2.55322      -1.55272      -1.22731    
 -1.64563      -1.31434      -1.34200    
-0.776151     -0.955423      -1.85233    
 0.182646     -0.725521      -2.10320    
 0.938814      0.146886      -1.98949    
  1.74632      0.670654      -1.61944    
  2.57797       1.31657      -1.50338    
  3.30503       1.65910      -2.25834    
  4.05363       1.19306      -2.91734    
  4.85590      0.815108      -2.37409    
  5.59464      0.219788      -2.10843    
  6.16618     -0.686172      -2.33423    
  5.78911      -1.42490      -2.69843    
  6.39736      -1.75397      -3.59618    
  7.20215      -1.86399      -4.31309    
  8.11672      -1.90406      -4.67672    
  9.06172      -2.05569      -4.93085    
  9.72223      -2.81701      -4.95314    
  9.99710      -3.09507      -5.84912    
  10.1976      -3.80111      -6.83206    
  10.3789      -4.60613      -7.38814    
  10.9149      -5.00929      -7.87771    
  11.0310      -5.86920      -7.78598    
  11.2135      -6.89308      -7.56933    
  10.8278      -7.56609      -8.09906    
  10.1378      -8.31549      -8.67911    
  9.89303      -9.16370      -8.91858    
  10.0074      -9.93786      -9.53465    
  10.4862      -10.9454      -9.64844    
  10.1350      -11.7712      -9.91885    
  9.96890      -12.5707      -10.4836    
  9.03411      -12.5656      -10.1075    
  8.46557      -12.1199      -9.43048    
  8.41262      -11.5143      -9.17605    
  9.38246      -10.7171      -9.41153    
  10.2696      -10.2377      -8.98787    
  10.7435      -9.53107      -9.03386    
  11.1594      -8.68363      -8.70248    
  11.5278      -7.67549      -8.48246    
  11.1038      -6.86757      -8.32531    
  10.5307      -6.22480      -7.73227    
  10.6991      -5.38402      -7.54554    
  11.1516      -4.61162      -7.06843    
  11.7829      -3.81057      -6.76277    
  11.5677      -2.95347      -6.30595    
  10.7217      -2.97690      -6.04054    
  9.93449      -2.62485      -5.75822    
  9.06499      -2.41308      -5.14845    
  8.45998      -2.44446      -4.61670    
  7.91216      -2.02927      -3.93572    
  7.29434      -1.62206      -3.42611    
  6.93864     -0.737841      -3.12915    
  6.32535     -0.200316      -3.07266    
  5.44874     -0.183752      -2.45868    
  4.85300      0.278562      -1.82666    
  4.37536      0.898627      -1.43908    
  4.03012       1.84245      -1.04108    
  3.59635       2.68503      -1.42451    
  3.47728       3.45994      -1.57145    
  3.05185       4.29303      -1.54895    
  3.19095       4.86005     -0.698897    
  3.74852       5.23912     -0.164846E-02
  4.58409       5.59185      0.544632    
  5.59810       5.33328      0.577786    
  6.51599       4.96803      0.328553    
  6.97681       4.25348      0.641573    
  7.82646       4.20468       1.37538    
  7.99858       4.11434       2.49579    
  8.07997       3.73369       3.40799    
  8.59185       2.95746       4.04482    
  9.19782       2.19156       4.27368    
  10.0944       1.56246       4.27996    
  10.6985       1.18377       5.23083    
  11.4969      0.704977       6.03938    
  11.8132      0.226927       6.98624    
  11.4449     -0.187172       8.07973    
  12.0022     -0.627947       9.01572    
  12.4703     -0.963039       9.62133    
  13.0610     -0.870762       10.5690    
  12.7662     -0.414686       11.3485    
  12.4998      0.215525       12.2837    
  12.0395      0.343983       13.2400    
  10.9510      0.379258       13.5436    
  10.1515      0.132418       13.9806    
  9.47794     -0.337082       14.5174    
  8.67031     -0.397795       15.2844    
