  9.13401       1.05856       15.0506    
  8.01528       1.10459       15.5159    
  7.21996      0.812740       15.9477    
  6.57796      0.690568       16.4269    
  5.89385      0.701962       17.3802    
  5.47335       1.00665       18.3158    
  5.30281       1.90790       18.3550    
  5.83951       2.49205       17.9541    
  6.69432       2.30098       17.5103    
  7.17984       1.68315       17.0174    
  7.65251       1.00372       16.5588    
  8.06612      0.270373       16.0490    
  8.08189     -0.611119E-01   15.2038    
  8.25855      0.104206E-01   14.1855    
  9.05279      0.530943       13.6032    
  10.1569      0.652253       13.3489    
  11.2511      0.757422       12.9046    
  11.3459      0.360805       11.9531    
  11.6828      0.238503       10.9478    
  11.7870      0.534292       10.1301    
  12.2461      0.695880       9.25305    
  12.5124       1.08314       8.53984    
  12.5869       1.40905       7.62265    
  12.4936       1.90340       6.67151    
  11.6278       1.90107       5.95138    
  10.6904       2.41080       5.95003    
  10.4266       3.39662       5.72097    
  10.0287       3.99900       4.99897    
  9.35255       3.86635       4.03503    
  8.45247       3.64351       3.68941    
  7.56103       3.42195       4.42998    
  6.60932       3.99213       4.66844    
  6.22950       4.99812       4.65897    
  5.86215       5.66549       3.98360    
  5.73892       6.01334       3.09178    
  5.75523       6.48726       1.97374    
  5.90696       5.90084       1.12450    
  5.09727       5.45453      0.721190    
  4.25857       5.04311      0.687383    
  3.69131       4.20738      0.399740    
  2.97653       3.83622      0.183542    
  2.02449       3.59382     -0.236781    
  1.68838       3.47937      -1.21544    
  1.58007       3.45166      -2.18218    
  1.22662       3.95514      -3.02465    
  1.61314       4.81550      -3.53989    
  2.19064       4.72980      -4.44637    
  2.22649       4.62017      -5.45313    
  1.63665       4.04023      -6.06383    
  1.65401       4.31904      -7.12174    
  2.14751       5.17095      -7.57740    
  2.82236       5.79398      -7.63916    
  3.71530       6.00280      -7.65343    
  4.45164       5.52799      -7.97792    
  5.46971       5.64079      -8.00588    
  6.23637       5.68784      -8.07539    
  6.84519       6.52392      -7.99927    
  7.07545       7.13722      -7.28459    
  6.88385       7.66234      -6.38026    
  7.18086       7.52408      -5.48316    
  7.83505       7.63786      -4.74358    
  8.44213       8.17450      -4.00295    
  9.05854       8.77813      -3.12870    
  8.90124       9.54054      -2.29969    
  8.36821       9.49897      -1.37895    
  8.30776       9.79585     -0.378163    
  8.35945       10.7139     -0.125457    
  7.86982       11.5649     -0.201467E-01
  6.89983       11.1393      0.353836    
  6.39243       10.4118      0.746968    
  5.98033       9.87298       1.72160    
  5.91757       9.67793       2.62682    
  5.25753       10.0066       3.10104    
  4.61946       10.4946       2.48244    
  5.20181       10.8464       1.64390    
  6.02241       10.6089       1.46698    
  6.83699       10.4468       1.14756    
  7.11675       10.4621      0.190847    
  7.89777       10.3650     -0.490654    
  8.79723       9.94461     -0.818497    
  8.98893       9.14014     -0.969064    
  9.06372       8.38993      -1.45024    
  8.69838       8.79035      -2.49319    
  8.56352       9.09361      -3.36532    
  8.59030       8.74839      -4.25965    
  8.70012       8.95724      -5.10932    
  8.61055       8.74891      -6.00020    
  8.55019       7.77716      -6.26334    
  8.28099       6.93902      -6.44453    
  7.54842       6.24949      -6.48878    
  6.74324       6.05915      -6.84927    
  5.76584       6.18616      -7.35501    
  5.29356       6.03486      -8.10654    
  4.29390       5.64367      -8.61808    
  3.31390       5.37969      -8.32704    
  2.91206       4.70141      -7.69077    
  2.18141       4.94692      -6.87828    
  1.65563       5.30374      -6.16137    
  1.51917       4.76193      -5.15610    
  2.06567       4.32344      -4.49049    
  2.14258       4.47425      -3.51407    
  1.56220       4.53978      -2.77390    
 0.775925       5.36616      -2.68463    
 0.125674       5.80323      -2.21000    
-0.826487       5.81370      -1.67265    
 -1.13757       6.11602     -0.818593    
 -1.87076       6.39968     -0.394047    
 -2.82910       6.06351     -0.245558    
 -3.36560       5.21757     -0.154488    
 -4.17556       4.68677      0.854542E-01
 -4.75322       4.21841      0.497753    
 -5.28838       4.12804       1.15501    
 -6.10448       4.74459       1.99143    
 -6.87516       4.72305       3.01709    
 -7.13573       4.13944       4.01163    
 -7.26888       3.67093       4.69596    
 -7.37240       2.73441       4.56360    
 -8.19916       2.21496       4.03262    
 -8.90992       2.62074       3.77497    
 -9.43752       2.52522       3.05662    
 -9.71973       1.68483       2.69405    
 -9.52731      0.665018       2.04905    
 -9.42513     -0.196379       2.19637    
 -8.59394     -0.577845       1.92546    
 -8.22938      -1.54109       1.40565    
 -7.46521      -1.56233      0.643483    
 -6.94024     -0.850186     -0.202578E-01
 -5.95637     -0.570295      0.624249E-01
 -5.89134     -0.975680      0.888174    
 -6.81998      -1.11296       1.09760    
 -7.68881     -0.469493       1.15899    
 -8.53991      0.815295E-01   1.60816    
 -9.46635     -0.254916       1.62978    
 -10.3244      0.396865       2.23957    
 -9.64462      0.750745       2.97751    
 -9.08276       1.69760       3.31492    
 -8.20408       2.42500       3.53686    
 -7.90163       3.15583       4.26047    
 -7.64384       3.40479       5.06887    
 -7.10748       4.06467       5.58836    
 -6.44225       4.83821       4.98627    
 -5.92155       4.68928       4.06543    
 -6.20879       4.13103       3.42309    
 -6.50311       3.69556       2.53504    
 -6.42910       4.11977       1.66632    
 -5.82961       4.54746      0.945370    
 -4.93118       4.75915      0.758195    
 -4.17023       4.74564       1.04891    
 -3.34346       4.76076      0.593853    
 -2.45226       4.88932      0.278544    
 -2.05629       5.57605     -0.462882    
 -2.19473       6.07365      -1.17636    
 -1.93770       6.88324      -1.50903    
 -1.81577       7.79356      -1.83678    
 -1.67741       8.44993      -2.63002    
 -2.02355       9.09945      -3.29919    
 -2.85202       9.28351      -4.16955    
 -3.84534       9.48885      -4.39019    
 -4.78673       9.65050      -4.55783    
 -5.48275       10.2819      -5.03303    
 -5.49964       10.4552      -6.03229    
 -4.55218       10.4123      -5.82022    
 -3.55735       10.1395      -5.27823    
 -3.22348       9.99075      -4.27005    
 -2.87885       9.55432      -3.53120    
 -2.50524       8.79771      -3.06730    
 -2.19135       8.12809      -2.55281    
 -1.57933       7.26932      -2.17152    
-0.651987       6.75764      -2.14496    
-0.145082       5.99946      -1.53939    
 0.236353       5.19935      -1.10385    
 0.730064       4.16633     -0.720281    
  1.16046       3.28009     -0.915072    
  1.22219       2.33563     -0.829271    
  1.58067       2.12183      -1.83016    
  1.86222       1.78186      -2.75890    
  1.57057       1.00422      -3.42559    
  1.13234      0.530394      -4.16037    
 0.505277      0.466711      -4.98460    
 0.167923E-02  0.499483      -5.92653    
 0.375547     -0.287052      -6.41916    
  1.18977     -0.607584      -6.46461    
  2.04668     -0.348022E-01  -6.26552    
  2.00464      0.749805      -5.65785    
  1.64522       1.17871      -4.64452    
  1.30200       1.47268      -3.67516    
  1.09781       1.21151      -2.87739    
 0.520725      0.748002      -2.28782    
-0.378320      0.470879      -1.77946    
 -1.08714      0.964879      -1.33110    
 -2.07352      0.636520      -1.02671    
 -2.88186     -0.703104E-01  -1.38178    
 -3.58117     -0.495349      -1.88933    
 -3.69896      -1.44346      -2.38551    
 -3.74789      -2.48506      -2.09012    
 -4.14094      -3.01751      -1.48783    
 -4.51833      -3.74074      -1.00064    
 -5.24267      -4.15826     -0.585839    
 -6.39373      -3.73468     -0.601522    
 -7.04497      -3.82579      -1.33863    
 -7.31013      -4.55947      -2.04454    
 -7.53950      -5.15686      -2.64481    
 -8.08157      -5.78511      -2.26110    
 -8.87955      -5.97509      -1.36366    
 -9.78235      -5.92987     -0.793886    
 -10.8675      -6.35425     -0.932416    
 -11.8380      -6.62853      -1.39309    
 -12.1410      -7.09391      -2.29111    
 -12.5772      -7.76207      -2.87367    
 -12.0082      -8.14782      -3.61651    
 -11.8891      -8.16335      -4.37006    
 -11.6301      -8.01414      -5.32392    
 -11.0984      -7.48090      -5.82100    
 -10.4879      -6.78005      -5.50177    
 -10.2250      -6.05154      -4.74650    
 -9.54645      -5.34573      -4.22738    
 -9.10681      -5.22972      -3.33502    
 -8.86051      -4.86775      -2.43603    
 -7.97948      -4.94828      -1.87035    
 -7.14372      -4.71897      -1.58494    
 -6.36865      -4.17611      -1.39876    
 -5.67939      -3.22295      -1.12310    
 -5.09222      -2.35241     -0.867527    
 -4.62732      -1.48038     -0.824772    
 -3.78271      -1.02575     -0.725730    
 -2.87546     -0.665337     -0.974460    
 -2.08826     -0.372709      -1.58693    
 -1.75226      0.348667      -2.12311    
 -1.21503       1.01876      -2.56892    
-0.453404       1.63122      -2.15253    
 0.689459       1.62660      -2.03502    
  1.27001       1.06363      -1.52321    
  2.05813      0.948329     -0.904173    
  3.07207       1.04072     -0.971894    
  3.89504       1.14242     -0.514012    
  4.77303       1.49425     -0.347988    
  5.64279       1.18759      0.286103    
  6.39667      0.592465     -0.155111    
  7.09615      0.130471E-01 -0.497037    
  7.45893     -0.346311      -1.14292    
  7.96264     -0.632045      -1.95415    
  8.89202     -0.574512      -2.44769    
  9.51641      -1.39400      -2.45468    
  9.76663      -2.25094      -2.41509    
  10.0204      -3.24493      -2.55412    
  10.4585      -3.86603      -3.09416    
  11.0512      -4.16976      -3.97779    
  11.3344      -4.80376      -4.53766    
  11.7869      -5.48773      -5.02035    
  12.8411      -5.83219      -4.52032    
  13.2904      -6.55392      -4.24422    
  12.3908      -7.34257      -4.16322    
  11.4311      -7.34593      -4.66301    
  10.9987      -7.88569      -5.26247    
  11.3343      -8.48253      -6.03776    
  11.8341      -8.97942      -6.71682    
  11.7975      -9.48787      -7.70105    
  10.8857      -10.0024      -7.78703    
  10.1286      -10.0725      -7.05438    
  10.6662      -9.41370      -6.44233    
  11.3082      -9.02457      -5.79263    
  11.5654      -8.64409      -4.88344    
  12.0663      -7.71230      -4.88336    
  12.2671      -6.77579      -4.74378    
  12.4949      -5.89625      -4.15325    
  11.9280      -5.25701      -3.51240    
  11.2527      -4.54998      -3.23737    
  10.9182      -3.55859      -2.64925    
  10.4284      -2.71329      -2.71356    
  9.46984      -2.41605      -3.11416    
  8.76663      -1.92037      -2.90998    
  8.43493      -1.38390      -1.93683    
  8.41594     -0.467303      -1.33876    
  8.09169      0.441778     -0.942211    
  7.28208      0.923246     -0.617893    
  6.25619      0.924136     -0.895408    
  5.33746      0.768319     -0.668229    
  4.93290      0.330452     -0.325660E-02
  4.70382     -0.739872     -0.757138E-01
  3.80436     -0.550270     -0.255272    
  3.10554      0.123991     -0.361499    
  2.43477       1.00413     -0.304658    
  2.28914       1.95732     -0.622689    
  2.39579       2.82533     -0.978972    
  2.52054       3.75534     -0.568226    
  3.10186       4.55896     -0.508788    
  3.34722       5.19224      0.196332    
  3.82114       5.46341       1.02555    
  4.60610       5.43251       1.66273    
  5.14655       4.78594       2.28435    
  5.49920       4.39507       3.30013    
  6.27464       4.10730       3.63395    
  7.12241       4.41752       4.03250    
  7.96485       4.01738       4.31877    
  8.97343       3.68077       4.80250    
  10.0618       3.43219       4.89586    
  10.9433       3.14309       5.55022    
  11.5146       2.46505       6.14492    
  11.7543       1.82752       6.89874    
  12.5594       1.12915       7.01020    
  13.0058      0.589285       7.72117    
  13.1245      0.401834       8.56372    
  12.7270      0.262541       9.54459    
  12.5638      0.772196       10.4742    
  11.6525      0.937347       10.9230    
  11.0415      0.477443       11.5773    
  10.3732     -0.211991       12.1969    
  9.84919      0.125437E-02   13.0430    
  9.87927      0.206099       13.9195    
  9.57060      0.347880       14.6798    
