  7.04309      -2.16536       13.7311    
  7.13621      -1.91251       14.6062    
  7.20746      -1.31156       15.5005    
  7.21241     -0.548383       15.9730    
  6.79996      0.331264       16.1960    
  6.44789      0.976369       15.6726    
  6.06614       1.74947       15.1443    
  5.62981       1.97678       14.2068    
  4.78418       1.26016       13.8231    
  4.30635      0.676571       14.4359    
  4.31904      0.937975E-02   15.1858    
  5.02785     -0.675420       14.9295    
  6.10161     -0.821237       14.4028    
  6.92087      -1.41539       14.1437    
  8.00457      -1.77665       13.8648    
  8.43687      -1.40448       13.1762    
  8.91344      -1.03757       12.4186    
  9.44460     -0.315711       12.1507    
  10.1679      0.243700       11.4702    
  10.8149     -0.254984       10.8998    
  10.7036      -1.10736       10.4517    
  10.6236      -1.03756       9.25895    
  10.8967     -0.530729       8.29620    
  11.2529     -0.857255       7.46586    
  10.9453      -1.15739       6.67686    
  10.1536     -0.636065       6.28151    
  9.39678      0.465558E-01   6.61070    
  9.02360       1.06510       6.22506    
  8.22035       1.07222       5.56502    
  7.79236      0.648014       4.64193    
  6.99118      0.951185       4.35746    
  6.39826       1.35275       3.61304    
  6.24091       2.16636       3.11203    
  6.35401       2.72442       2.44226    
  6.70643       3.66086       2.33166    
  7.09815       4.47283       2.18186    
  6.74500       5.11278       1.48257    
  6.59757       5.66930      0.704488    
  6.09656       5.53108     -0.489695E-01
  5.55275       5.03216     -0.774306    
  4.91615       4.30591      -1.02364    
  4.02742       3.74513      -1.32848    
  3.15429       3.49112      -1.81386    
  2.50691       3.24375      -2.51952    
  1.98698       3.50509      -3.66976    
  1.72775       3.87656      -4.78031    
  1.97331       3.76155      -5.79023    
  2.41371       3.49877      -6.53133    
  3.41271       3.38359      -7.00196    
  4.28905       3.10494      -7.45589    
  5.40191       3.04113      -7.75704    
  6.18892       3.05644      -7.22688    
  6.98008       2.49510      -6.84028    
  7.57879       2.35166      -7.46964    
  8.34275       2.40510      -8.22026    
  9.07086       3.22400      -7.98251    
  9.19506       3.96850      -7.29656    
  9.79083       4.53567      -6.78583    
  10.2720       4.97433      -5.95879    
  10.6102       4.92793      -4.92778    
  10.9439       5.58749      -4.13189    
  11.1203       6.45268      -3.43540    
  10.2877       6.93301      -2.81584    
  9.38162       7.18656      -2.22084    
  8.92284       7.28510      -1.59753    
  8.86827       8.00027     -0.830586    
  8.94220       8.67533     -0.291519    
  8.69008       9.49718      0.401893    
  8.09416       10.1399      0.651005    
  7.19083       10.6585      0.542162    
  7.05314       11.5690      0.816759    
  6.84074       12.3926       1.51659    
  6.59173       12.6366       2.27253    
  6.55622       11.6839       2.94410    
  6.48845       10.7639       2.80513    
  7.03346       10.1583       2.22491    
  6.42292       10.0281       1.35984    
  6.32333       10.1202      0.214380    
  7.13122       9.61597     -0.212155    
  7.94118       9.40328      -1.02122    
  8.46643       8.46932      -1.23383    
  9.41697       8.09960      -1.29882    
  9.80348       7.13918      -1.49334    
  10.1532       6.60374      -2.25390    
  9.95373       6.19557      -3.24644    
  10.4602       6.20826      -4.29794    
  10.7481       5.70489      -5.08666    
  10.9272       5.45816      -6.09997    
  10.4823       4.55195      -6.53202    
  9.98091       3.47531      -6.89693    
  9.19144       3.08301      -7.20292    
  8.13382       3.06598      -7.32373    
  7.22550       2.78532      -7.79400    
  6.21086       2.33745      -7.60942    
  5.22055       2.69493      -7.23263    
  4.67636       3.47651      -6.88068    
  4.04951       4.22158      -7.52966    
  2.99428       3.88769      -7.61218    
  2.61338       3.08199      -6.92572    
  2.21038       3.21869      -5.90251    
  2.58278       4.00213      -5.19155    
  1.85414       4.54065      -4.61015    
 0.948250       4.85741      -4.15023    
 0.332653       4.72997      -3.33724    
-0.555510       4.80425      -2.79962    
 -1.57963       4.89441      -2.75037    
 -2.19493       5.22614      -1.86479    
 -2.59861       4.74400     -0.881887    
 -2.97275       4.60085      0.149761    
 -3.94490       4.49363      0.687755    
 -4.55876       3.65486       1.06109    
 -5.23968       2.98717       1.68692    
 -5.60676       2.62329       2.61628    
 -6.39735       2.98147       3.39406    
 -7.40152       3.18944       3.96053    
 -8.13223       3.62765       4.18170    
 -8.96111       3.51107       3.64354    
 -9.77009       3.11130       3.19204    
 -10.0003       2.39155       2.82394    
 -10.2102       1.59604       2.18248    
 -10.1365       1.51202       1.25219    
 -9.80159       1.52781      0.416622    
 -9.00393       1.08269     -0.153088E-01
 -8.31857      0.594492      0.102173    
 -7.68075     -0.380765E-01  0.509487    
 -6.75023     -0.350783      0.947130    
 -6.33387      -1.11043       1.44581    
 -5.33689     -0.862738       1.72133    
 -4.90991     -0.124413       1.51330    
 -5.26089      0.601754       1.01896    
 -6.22464      0.510254      0.396581    
 -7.13552      0.142723      0.434004E-01
 -8.35667     -0.312687      0.890501E-01
 -8.95071      0.340389      0.398759    
 -9.10646       1.06121       1.14162    
 -9.58606       1.69389       1.65034    
 -9.90586       2.53750       2.40159    
 -10.1160       3.50279       2.78378    
 -10.2654       3.77696       3.86555    
 -9.72108       4.01495       4.52880    
 -9.02796       3.47437       4.83328    
 -8.57587       2.34109       4.56511    
 -8.24850       2.14159       3.48347    
 -7.86769       2.65447       2.72183    
 -7.34458       3.40130       2.36723    
 -6.31628       3.57421       2.33250    
 -5.36132       3.78637       2.32203    
 -4.48132       3.36493       2.10707    
 -4.04944       3.29760       1.27497    
 -3.74303       3.26967      0.162516    
 -3.54904       4.06075     -0.428572    
 -3.23472       4.92722     -0.823902    
 -2.94089       5.67624      -1.57411    
 -2.30145       6.22803      -1.41261    
 -1.94222       7.07940      -1.79484    
 -2.52923       7.83210      -2.11009    
 -3.40724       8.46234      -2.59438    
 -4.36310       8.79893      -2.24556    
 -5.11765       9.43742      -2.37411    
 -6.00159       10.0118      -2.66588    
 -6.57633       10.6344      -3.15849    
 -6.93102       10.6391      -2.29452    
 -6.42966       9.92318      -1.93210    
 -5.80517       9.39925      -2.72415    
 -4.75503       9.06103      -3.03177    
 -3.76285       9.06904      -2.54432    
 -3.32378       8.44226      -1.69185    
 -3.40132       7.71102      -1.34552    
 -2.91295       6.86806      -1.36557    
 -2.23456       6.34585      -2.09325    
 -1.48082       5.81407      -2.46545    
-0.970643       4.94961      -2.12519    
-0.681684E-01   4.52584      -1.94957    
 0.487907       3.75912      -2.05250    
  1.29455       3.43539      -2.52754    
  1.81321       2.83822      -3.07488    
  2.09745       1.96211      -3.74401    
  2.20624       1.12873      -4.31570    
  2.25863     -0.612662E-02  -4.59216    
  1.71451     -0.512370      -5.22891    
  1.73397      -1.26947      -5.91769    
  2.52233      -1.46377      -6.29873    
  2.96351     -0.753682      -6.49348    
  3.21385      0.153573      -6.76508    
  2.44399      0.650604      -6.18326    
  1.65502      0.403849      -5.41066    
  1.71604      0.692010      -4.33938    
  1.41768      0.471771      -3.40658    
  1.21484      0.220964      -2.37915    
 0.513184     -0.110279      -1.92859    
-0.294135      0.196034      -1.15413    
 -1.12515      0.248491      -1.22326    
 -2.22182     -0.241911      -1.36050    
 -2.77088     -0.702356      -2.36974    
 -3.04835      -1.56768      -2.63465    
 -4.09917      -2.04850      -2.22626    
 -4.85501      -2.01786      -2.84029    
 -5.93247      -1.71894      -3.27455    
 -6.85446      -1.80270      -3.66635    
 -7.46193      -2.66675      -3.90093    
 -7.78861      -3.17377      -2.90414    
 -7.74261      -3.20257      -1.93747    
 -7.64049      -2.91531     -0.887093    
 -8.41630      -2.56716     -0.307998    
 -9.17751      -2.44910      0.417942    
 -9.53521      -3.02617      0.935505    
 -9.44006      -3.90207      0.437216    
 -9.60302      -4.68591     -0.177295    
 -10.2667      -5.13842     -0.593742    
 -10.9722      -5.52960     -0.412004    
 -11.1529      -6.01445      0.526895    
 -10.3144      -6.18589       1.21826    
 -9.46588      -6.00408       1.67969    
 -8.79086      -5.46337       1.82172    
 -9.01738      -4.71924       1.19409    
 -8.94533      -4.03895      0.408091    
 -8.80099      -3.51974     -0.424282    
 -8.80050      -2.82375      -1.24420    
 -8.25716      -2.41604      -2.14731    
 -7.44263      -2.87863      -2.84158    
 -6.42740      -3.37508      -2.76401    
 -5.65848      -2.83670      -2.76977    
 -4.83814      -2.80654      -3.09911    
 -3.98240      -2.37228      -2.97156    
 -3.75299      -1.44052      -2.76906    
 -3.33055      -1.08225      -2.19715    
 -2.36861     -0.912184      -1.78572    
 -1.36733     -0.786062      -2.18323    
-0.441837     -0.141321      -2.37711    
 0.464270      0.449938      -2.42990    
  1.30805      0.808374      -2.72262    
  2.07406       1.42767      -2.34961    
  2.77062       1.57138      -1.40176    
  3.48994      0.998889     -0.736456    
  4.26488      0.376453     -0.524561    
  5.19939     -0.554097E-02 -0.280036    
  6.01835     -0.523482     -0.200654    
  6.53688      -1.37067     -0.111946    
  6.70512      -1.98227     -0.748548    
  7.22911      -2.61462      -1.57001    
  7.79671      -3.45955      -2.19797    
  8.22823      -4.45893      -2.26431    
  8.05217      -5.36004      -2.05554    
  8.35815      -6.10953      -2.54615    
  9.06401      -6.51655      -3.37938    
  10.1231      -6.44519      -3.59597    
  11.1291      -6.16507      -3.37245    
  12.0362      -6.01586      -2.79671    
  12.9319      -6.64723      -2.42766    
  13.5940      -7.49808      -2.54463    
  13.0229      -8.37056      -2.77225    
  12.3862      -9.12829      -3.06665    
  11.4250      -9.64427      -3.46492    
  11.3209      -10.0798      -4.37039    
  11.1914      -10.4852      -5.30991    
  11.7029      -10.9282      -6.06916    
  11.6770      -11.6097      -6.72060    
  12.2657      -12.3466      -6.37583    
  12.6003      -12.2159      -5.56836    
  12.6639      -11.7757      -4.70089    
  12.2571      -10.7334      -4.40190    
  12.1589      -9.75461      -4.51150    
  12.3368      -9.01827      -4.01866    
  11.9931      -8.30230      -3.90764    
  11.5412      -7.91808      -3.10111    
  10.8014      -7.21750      -2.60766    
  9.92864      -6.43664      -2.52762    
  8.86037      -5.88324      -2.84421    
  8.07978      -5.47131      -2.91006    
  7.32449      -4.81321      -2.34530    
  7.45340      -3.97748      -1.70140    
  7.56067      -3.02758      -1.20723    
  7.43820      -2.04657     -0.729842    
  6.94776      -1.10188      -1.11185    
  6.00790     -0.788775      -1.24460    
  5.07366     -0.259847      -1.27492    
  4.36600      0.169449      -1.98994    
  3.48444      0.366891      -2.02669    
  2.58005      0.878637      -1.79749    
  1.61688      0.704353      -1.94062    
 0.935198       1.31441      -2.50074    
  1.77463       1.62931      -2.96781    
  2.48968       2.58003      -2.77422    
  3.17130       3.03905      -3.26339    
  3.81517       3.40130      -2.58851    
  3.80746       4.35339      -2.26879    
  4.24437       4.90300      -1.47475    
  4.48544       4.87551     -0.387404    
  4.45409       5.28719      0.677920    
  4.97878       4.50928       1.48470    
  5.56037       3.70275       1.56708    
  5.82363       2.79535       1.50275    
  6.49010       2.14422       1.89957    
  6.97927       1.96767       2.74459    
  7.43753       1.76122       3.65553    
  7.40920       1.49609       4.85533    
  7.74209      0.895650       5.59854    
  8.45275      0.357685       5.86055    
  9.44626      0.368584       5.93634    
  10.4198      0.455944       6.40954    
  10.4533     -0.343168       7.16523    
  10.5999      -1.24220       7.83364    
  11.4278      -1.21789       8.68602    
  10.8145     -0.819341       9.61334    
  10.4623     -0.408995       10.2933    
  10.0587     -0.682731       11.3356    
  9.75594      -1.11428       12.1315    
  9.40444      -1.00074       12.9566    
  8.48094     -0.894081       13.1979    
  7.60180      -1.33268       13.2759    
