  6.76016      -1.39554       13.5340    
  6.11754     -0.619615       13.8706    
  6.02889     -0.403101       14.8781    
  5.45339     -0.623007       15.6459    
  6.02138     -0.281533       16.2322    
  6.63395      0.661035       16.4562    
  6.26293       1.46417       16.5134    
  5.54415       2.00569       16.6775    
  4.81556       1.54730       16.6225    
  4.25333      0.746923       16.4366    
  5.02983      0.451821       15.8275    
  5.95453      0.383780E-01   15.5514    
  6.81912     -0.465818       14.8581    
  7.09200      -1.43035       14.3564    
  6.87229      -1.97852       13.6452    
  6.78771      -1.92933       12.6863    
  7.03712      -1.64825       11.8684    
  7.72884      -1.20853       11.4361    
  8.73804      -1.57220       11.3545    
  9.67906      -1.93194       11.0023    
  10.3120      -1.82607       10.3474    
  10.9394      -1.22635       9.82444    
  11.3377      -1.14184       8.87309    
  11.0869     -0.963729       7.76557    
  10.2671     -0.875000       7.15419    
  9.39649     -0.559950       6.80586    
  8.92437     -0.549079E-01   6.04166    
  8.96725      0.875815       5.40511    
  9.24493       1.15878       4.53399    
  8.80539       1.12126       3.58954    
  7.73730       1.27034       3.46960    
  6.87382       1.50717       3.35741    
  6.14457       2.22157       3.50826    
  5.65253       3.01060       3.37050    
  5.49575       3.60103       2.64480    
  5.50159       3.87522       1.56231    
  5.22128       3.90497      0.586957    
  4.44100       3.41097      0.171338    
  3.46987       3.03006     -0.229072    
  2.57061       3.38150     -0.752627    
  1.79875       3.51870      -1.24847    
  1.24562       3.39807      -2.14819    
  1.27328       3.48058      -3.17073    
  1.67290       3.53224      -4.06745    
  2.34890       4.03632      -4.65873    
  2.97069       3.88003      -5.51709    
  3.34742       3.19448      -6.22491    
  3.29891       2.76366      -7.25873    
  3.32840       3.16040      -8.09956    
  3.85494       3.56839      -8.81028    
  4.78761       3.77933      -8.70574    
  5.50211       3.26466      -9.04008    
  6.45231       3.49537      -9.61299    
  7.37519       3.70903      -9.90392    
  8.07639       4.36838      -9.54410    
  8.21781       5.16486      -8.85649    
  8.25548       6.09061      -8.37115    
  9.21295       6.46209      -8.10766    
  9.97867       6.06396      -7.43309    
  10.4078       5.63302      -6.48083    
  10.7282       5.73769      -5.67207    
  10.4852       6.05155      -4.73379    
  9.95859       6.62264      -4.16873    
  9.10648       6.53148      -3.54185    
  8.42845       6.96418      -2.80907    
  8.01084       7.36596      -1.75810    
  8.17191       8.18091     -0.919381    
  8.24111       9.11262     -0.426750    
  8.66459       9.99144      0.813353E-01
  8.98915       10.7453      0.646214    
  8.74952       11.6916       1.15793    
  7.79894       11.8746       1.85753    
  7.01151       11.6725       2.57952    
  6.66452       10.6432       2.67156    
  6.68632       9.91189       1.85031    
  6.87304       9.28539      0.970076    
  7.06052       9.10092     -0.167804    
  7.28164       8.71340      -1.01149    
  7.86604       8.60638      -1.91664    
  8.73138       8.18219      -2.47274    
  9.27196       7.48949      -2.98272    
  9.75229       6.60909      -2.88319    
  9.87716       5.78037      -3.66077    
  9.74935       5.98559      -4.61254    
  9.88703       6.19303      -5.63264    
  10.5367       6.29257      -6.45380    
  10.8917       6.00564      -7.27101    
  10.8136       5.55190      -8.20246    
  10.1340       5.40420      -8.77257    
  9.33654       4.64979      -8.36873    
  8.37303       4.30082      -8.73750    
  7.30901       4.33151      -8.82496    
  6.55825       4.23485      -9.24525    
  5.69715       4.03578      -9.60050    
  4.94110       3.38270      -9.61657    
  4.16345       3.01276      -9.11313    
  3.85084       3.06187      -8.17854    
  3.40993       3.61907      -7.41202    
  2.99155       3.31611      -6.64570    
  2.63253       3.40638      -5.91239    
  2.64096       3.42881      -4.94826    
  2.65994       3.82870      -3.94289    
  1.92798       4.42361      -3.12521    
 0.951652       4.21712      -2.81409    
 0.388439E-02   4.03898      -2.77534    
-0.885734       4.33544      -2.67711    
 -1.35899       4.71228      -1.85916    
 -1.77658       4.60982     -0.800589    
 -2.33927       4.39311      0.846002E-01
 -3.13958       4.03553      0.349965    
 -4.02842       4.33660      0.906673    
 -4.62309       4.04216       1.55190    
 -4.74063       3.14091       2.01256    
 -4.89295       2.99684       2.93259    
 -5.93514       3.20359       3.46624    
 -6.81976       3.52247       3.07969    
 -7.54848       4.36839       3.14555    
 -8.63754       4.47330       3.26701    
 -8.98626       3.48322       2.83723    
 -8.92380       2.43360       2.52275    
 -9.11878       1.58151       2.24577    
 -8.51404      0.918452       1.92957    
 -8.40119      0.827717E-03   2.22146    
 -7.81154     -0.655671       1.68812    
 -7.12163     -0.491356       1.07608    
 -6.02832     -0.168139      0.566161    
 -4.91554      0.715873E-01  0.461239    
 -4.48169      0.210958       1.58355    
 -4.71650      0.848211       2.22570    
 -5.21223     -0.337129E-01   2.52562    
 -5.90750     -0.739617       2.00121    
 -6.85031     -0.277242       1.76919    
 -7.92881      0.262847E-02   1.48121    
 -8.80728      0.185273       1.72590    
 -9.40046      0.697627       2.42445    
 -8.63437       1.41213       2.62405    
 -8.40492       2.27578       2.16747    
 -8.73837       3.28244       1.81099    
 -9.46806       3.74184       1.81714    
 -9.52150       3.61046       2.89513    
 -9.10225       3.42773       3.68038    
 -8.37111       2.83572       3.87654    
 -7.55010       2.61639       3.65498    
 -6.90446       2.63634       2.83878    
 -6.02196       2.57002       2.86523    
 -5.40768       3.27580       2.75811    
 -4.78198       3.71430       2.65062    
 -4.23402       4.02937       1.97923    
 -3.74205       3.80512      0.869118    
 -3.86745       3.70286     -0.810661E-01
 -3.54373       4.28759     -0.901449    
 -3.12233       5.06255      -1.02385    
 -2.84296       6.00727      -1.01770    
 -2.74616       7.04746      -1.12359    
 -1.90892       7.64701      -1.34607    
 -1.66278       8.16103      -2.06663    
 -2.39069       8.55244      -2.65981    
 -3.23730       9.07544      -3.13744    
 -3.71645       9.90183      -3.49255    
 -4.48328       10.3645      -3.84688    
 -5.19956       10.3874      -4.43897    
 -5.01658       9.58699      -4.90683    
 -4.59176       8.94288      -4.32698    
 -3.67034       8.89772      -3.86289    
 -2.92655       9.18371      -3.53162    
 -2.70363       9.68160      -2.93458    
 -2.86399       9.10592      -2.15507    
 -2.62168       8.24563      -1.66604    
 -2.11920       7.30321      -1.79233    
 -1.76003       6.45439      -1.69819    
 -1.51233       5.41836      -1.59147    
-0.508566       4.57612      -1.78206    
-0.230970E-01   3.55769      -2.09557    
 0.320842       3.16449      -3.00704    
 0.702907       2.60039      -3.76891    
 0.981405       1.66204      -3.85294    
  1.65594       1.03482      -4.08021    
  2.06693      0.793184E-01  -4.40545    
  2.43098      -1.10196      -4.44315    
  2.54735      -2.13125      -4.47488    
  2.93194      -2.85675      -4.84364    
  2.75981      -2.29212      -5.65187    
  1.99307      -1.50329      -6.05529    
  2.01870     -0.634057      -6.09694    
  1.58699      0.339355      -5.89384    
  1.13337      0.715134      -5.21829    
  1.03348      0.754454      -4.12753    
  1.08909      0.165159      -3.21752    
 0.611364     -0.592264E-01  -2.38089    
-0.550086     -0.197592      -1.92109    
 -1.38429     -0.554452E-01  -1.63766    
 -2.29231     -0.151848      -2.07724    
 -3.09620     -0.330206      -2.48645    
 -3.58309      -1.01573      -1.93614    
 -4.12703      -1.69869      -1.36448    
 -4.97287      -2.43077      -1.14955    
 -5.63454      -2.42049      -1.81178    
 -6.54998      -2.22589      -2.44151    
 -7.36266      -2.73438      -2.31450    
 -7.98082      -3.53238      -2.59829    
 -7.93468      -4.55075      -2.64292    
 -7.32922      -4.68520      -2.14578    
 -6.94215      -4.15535      -1.16326    
 -6.85971      -3.71905     -0.218289    
 -7.95004      -3.64427      0.278354E-01
 -9.02420      -3.65801      0.391515    
 -9.77809      -4.05647      0.894223    
 -10.6023      -4.74467      0.529423    
 -10.8240      -5.62467      0.239579    
 -10.6744      -6.44424      0.468707    
 -10.1913      -6.95907       1.25625    
 -9.45256      -7.23901       1.69447    
 -8.56458      -7.09522       1.64650    
 -7.87892      -6.74527       2.10638    
 -7.10399      -6.42741       1.87759    
 -6.75962      -5.69030       1.34538    
 -6.74326      -4.68183       1.01773    
 -7.38582      -4.47023      0.181079    
 -7.63347      -4.32682     -0.909372    
 -7.62223      -4.09552      -1.73809    
 -6.80479      -3.81931      -2.21710    
 -5.80206      -3.82807      -2.41148    
 -5.16331      -3.08352      -2.17633    
 -4.96675      -2.25683      -1.70154    
 -4.89902      -1.09222      -1.49921    
 -4.00246     -0.487550      -1.60226    
 -2.98977     -0.797081      -1.61633    
 -2.08351     -0.534501      -2.25662    
 -1.63476      0.370663E-01  -2.95314    
-0.730109      0.532397      -2.99945    
 0.474117E-01   1.12597      -2.84798    
 0.968370       1.17016      -2.73352    
  2.05476       1.23568      -2.52283    
  2.82101       1.41160      -1.94070    
  3.49186       1.47376      -1.30915    
  4.19803      0.886573     -0.797774    
  4.54335      0.189273     -0.428150    
  5.15423     -0.642042     -0.904357E-01
  5.89260      -1.23846     -0.293382    
  6.85391      -1.76275     -0.626775    
  7.78255      -2.20114     -0.952760    
  8.51760      -2.60914      -1.61025    
  8.91698      -3.50913      -2.01206    
  8.86119      -4.56610      -2.21677    
  8.36982      -5.36192      -2.53944    
  8.51121      -6.24351      -3.00384    
  8.83004      -6.94306      -2.81396    
  9.59914      -7.59524      -2.43903    
  10.3608      -8.28062      -2.10511    
  11.1869      -8.36591      -1.47288    
  11.7152      -9.22401      -1.08782    
  11.6874      -10.0319      -1.62422    
  11.5918      -10.5556      -2.47961    
  11.4328      -10.9090      -3.33787    
  11.6866      -11.0004      -4.20804    
  11.2634      -11.0954      -5.12941    
  11.1744      -11.9016      -4.97856    
  11.8076      -12.7426      -4.40012    
  12.4152      -11.9546      -4.15735    
  12.3024      -11.1909      -3.54162    
  11.7042      -10.3690      -3.19242    
  11.1030      -9.69712      -3.18144    
  10.5089      -8.86845      -2.98961    
  9.81042      -8.35084      -2.41531    
  9.36111      -7.84357      -1.94259    
  9.17478      -6.81105      -1.89267    
  8.80822      -6.06811      -2.65920    
  8.83662      -4.94622      -2.91006    
  8.70175      -3.96220      -2.82400    
  8.33228      -3.57123      -1.89602    
  8.49632      -3.65762     -0.844464    
  7.84218      -3.14031     -0.251721    
  7.06307      -2.21217      0.109778    
  6.70646      -1.28312     -0.433917E-02
  6.06419     -0.423366     -0.251894    
  5.15318      0.165953E-01 -0.700566    
  4.21930      0.318648      -1.09084    
  3.16820     -0.218044E-01  -1.31591    
  2.23230      0.441864      -1.10375    
  1.20269      0.584211     -0.958699    
 0.433615       1.09804      -1.30739    
 0.311415       1.42047      -2.32865    
 0.751670       2.06707      -2.87608    
  1.51980       2.46314      -2.81246    
  2.14298       3.09752      -2.28550    
  2.52822       3.90098      -1.63932    
  3.09300       4.11890     -0.700678    
  3.57504       3.65122      0.653836E-01
  3.33604       3.01492      0.419801    
  4.11040       2.42881      0.958612    
  4.87679       2.36017       1.48269    
  5.89703       2.60678       1.97102    
  6.76956       2.77638       2.57619    
  7.34723       2.79330       3.30462    
  7.91573       2.37383       4.08713    
  8.08230       1.50782       4.41429    
  8.30517      0.543514       5.02691    
  8.98421     -0.923443E-01   5.56955    
  10.0567     -0.539996E-01   5.86758    
  10.6487     -0.143391       6.73157    
  10.7664     -0.553712       7.82194    
  10.6749      -1.38587       8.51694    
  10.9850      -1.81415       9.35911    
  11.2020      -1.85152       10.3191    
  10.5238      -1.34418       10.6789    
  9.52523      -1.37408       10.8067    
  8.66626      -2.22036       10.6583    
  7.96323      -2.59743       11.4130    
  7.48321      -2.58545       12.2611    
  7.37731      -2.12314       13.0663    
