  6.23956      -1.58027       14.6829    
  5.43440      -1.10437       15.1057    
  4.83211      -1.15712       15.7379    
  4.30530      -1.10159       16.5384    
  4.30123     -0.500934       17.3285    
  5.12884      0.901182E-01   17.6982    
  5.47383      0.795448       17.8708    
  4.97343       1.50043       18.1443    
  4.16895       1.47023       18.5902    
  3.71821      0.601071       18.1884    
  4.46220      0.114487       17.4173    
  4.69368     -0.469110       16.6240    
  5.09864      -1.38190       16.3092    
  5.33156      -2.10131       15.4665    
  5.88547      -2.48691       14.7297    
  6.60565      -2.51353       14.1089    
  7.18845      -2.72246       13.1884    
  7.55035      -2.73104       12.3827    
  7.96589      -2.45134       11.5429    
  8.14703      -1.80805       10.8903    
  8.50210     -0.868914       10.2309    
  8.89782     -0.434067       9.39216    
  9.09457     -0.952562E-01   8.17620    
  9.08682      0.155512       7.31966    
  8.80863      0.284301       6.46139    
  8.79897       1.22736       5.99540    
  9.58637       1.83516       5.48827    
  10.1234       1.47646       4.81993    
  10.0764       1.55427       3.78831    
  9.74621       1.58739       2.71523    
  8.72526       1.93376       2.21668    
  7.80412       2.05975       1.84637    
  6.81527       2.14355       2.20508    
  5.94208       2.07272       2.53761    
  5.04276       2.54115       3.07148    
  4.96035       3.59541       3.21037    
  4.81270       4.70166       2.95991    
  4.52464       5.05029       2.20265    
  3.97401       4.94561       1.49133    
  3.14863       4.85034      0.835945    
  2.63207       3.99991      0.379025    
  1.94044       3.28459     -0.247462    
  1.36753       2.90241      -1.05923    
 0.990844       2.95599      -1.84704    
 0.534394       2.89625      -2.76819    
 0.694608       2.86192      -3.79834    
  1.43302       3.10436      -4.74399    
  2.27782       3.07411      -5.18517    
  3.32903       2.79930      -5.36994    
  4.01623       2.74988      -6.17788    
  4.32541       2.41801      -7.35094    
  5.01358       2.57747      -8.14685    
  5.81775       3.15089      -8.54288    
  6.70319       3.63881      -8.46392    
  7.67519       3.99358      -8.25341    
  7.88546       4.73944      -7.87956    
  8.44592       5.53577      -7.46584    
  9.05242       6.31111      -7.27566    
  9.18281       6.84905      -6.43913    
  9.35584       7.38745      -5.51491    
  9.82291       7.88973      -4.86352    
  9.73124       7.87693      -3.76875    
  8.83064       8.01228      -3.24786    
  8.37804       7.71604      -2.39628    
  8.50129       7.63064      -1.45848    
  8.91789       7.93764     -0.607896    
  8.70902       8.42305      0.851624E-01
  8.83065       9.21847      0.458855    
  8.57379       10.1373      0.880384    
  8.26731       10.7849       1.59598    
  7.61172       10.6009       2.22883    
  6.85985       10.6564       2.99679    
  6.56487       10.1031       3.84237    
  6.95079       9.73224       4.80046    
  7.45264       9.24038       4.11362    
  7.79870       9.26522       3.30427    
  7.98872       9.71395       2.43121    
  8.08386       9.59876       1.37821    
  8.08851       9.20311      0.435192    
  8.39865       8.71370     -0.649908    
  9.08231       8.15619      -1.25051    
  9.31896       7.61387      -2.34271    
  8.98059       7.22264      -3.17739    
  8.76012       7.82069      -4.07454    
  9.01508       8.14209      -5.03244    
  9.70682       8.23060      -5.80808    
  10.2341       7.54794      -6.23807    
  10.0574       6.51303      -6.63781    
  9.55658       5.78135      -6.74190    
  8.48688       5.30594      -6.77487    
  7.45640       5.15989      -7.25097    
  7.12436       4.82186      -7.97636    
  7.03658       4.16971      -8.84873    
  7.08537       3.58501      -9.63169    
  6.71515       3.00939      -8.79748    
  6.66185       2.90683      -7.79312    
  5.85436       3.30217      -7.43198    
  4.90365       3.43939      -7.35944    
  3.99720       2.70646      -7.41086    
  2.97720       2.36262      -6.77806    
  2.60246       2.18067      -5.68977    
  2.15798       2.08662      -4.55789    
  1.63434       2.64832      -4.11545    
  1.44280       3.18024      -3.41253    
 0.885904       3.40285      -2.47623    
 0.324247       3.78964      -1.74169    
 0.192720E-01   3.72642     -0.781809    
-0.947607       3.43922     -0.181790    
 -1.72548       3.49563      0.353863    
 -2.68300       3.13037      0.346040    
 -3.53615       2.87439      0.761905    
 -4.19445       3.04732       1.61313    
 -4.78466       3.44239       2.08049    
 -5.69845       3.85598       2.21307    
 -6.47491       3.97770       2.51459    
 -6.99134       4.30456       3.28213    
 -7.33805       4.58481       4.16193    
 -8.31718       5.18954       4.23719    
 -9.03802       5.10011       3.59080    
 -9.90592       4.52354       3.29266    
 -9.91889       3.50834       2.97651    
 -9.94848       2.46459       2.89780    
 -10.1813       1.71562       2.19486    
 -9.49588       1.23178       1.73691    
 -8.68045       1.10764      0.921689    
 -7.68540       1.04636      0.861941    
 -7.02224       1.28321       1.53409    
 -6.96866      0.597497       2.15519    
 -6.96836     -0.267633       2.54154    
 -7.89680     -0.445852       2.26818    
 -8.47307      0.346735       2.17275    
 -8.64152       1.18202       1.81883    
 -9.19932       2.01669       1.54047    
 -9.24310       2.95500       1.69337    
 -10.0589       3.55462       2.02694    
 -10.7464       4.00781       2.69599    
 -10.9155       3.77737       3.54617    
 -10.0079       3.83517       4.07019    
 -8.95284       4.30172       4.21174    
 -8.16041       4.60459       3.87714    
 -7.08666       4.72299       3.30589    
 -6.02257       4.42450       2.90389    
 -5.61892       3.44051       2.51152    
 -5.29699       3.14377       1.41380    
 -4.47416       3.27056      0.837568    
 -3.59029       3.51898       1.13214    
 -2.71479       3.35793       1.23669    
 -2.57229       2.62548      0.567184    
 -1.94043       2.91409     -0.169314    
 -1.51784       3.80735     -0.183161    
 -1.43637       4.64973     -0.746841    
 -1.31179       5.58585     -0.225862    
-0.819587       6.45050     -0.382449    
-0.253233       7.52476     -0.483207    
-0.454007       8.48871      -1.16928    
-0.661149       8.90836      -2.18219    
 -1.08061       9.15100      -3.12187    
 -1.50523       9.03384      -3.99478    
 -2.34477       8.61791      -4.78093    
 -2.99304       8.19912      -5.33584    
 -2.80549       7.60815      -6.34335    
 -2.13191       8.25108      -6.28247    
 -1.67734       9.03151      -5.82892    
 -1.73869       9.27088      -4.92542    
 -2.17148       9.45588      -4.05200    
 -1.99371       8.86864      -3.14330    
 -1.67525       8.14465      -2.58030    
 -1.22614       7.32116      -2.76919    
 -1.13815       6.36001      -2.69632    
-0.487347       5.46742      -2.73144    
 0.207000       4.97217      -2.16220    
 0.648005       4.30539      -1.50954    
 0.741327       3.23656      -1.23820    
 0.696235       2.36852     -0.873881    
  1.06348       1.49969     -0.617239    
  1.53117      0.634976     -0.485502    
  1.47152     -0.219474     -0.810078    
 0.913534      -1.14640     -0.864412    
 0.237695      -1.23091      -1.73263    
-0.349176     -0.956729      -2.58260    
-0.568571      -1.03938      -3.58555    
-0.384508     -0.818973      -4.52181    
 0.476378     -0.162458      -4.82909    
 0.667696      0.798521      -4.29349    
 0.510161       1.26603      -3.27706    
 0.811083      0.759730      -2.29301    
  1.16559      0.819229E-01  -1.49857    
 0.786363     -0.539706     -0.636536    
 0.183418      -1.33433     -0.202252    
-0.674601     -0.898163      0.110436    
 -1.16395     -0.121361      0.493177    
 -1.67435      0.819996      0.638013    
 -2.35090       1.61195      0.235979    
 -3.15911       1.81786     -0.562876    
 -3.81621       1.39831      -1.38933    
 -4.75693       1.09878      -1.79450    
 -5.45979      0.206182      -2.07189    
 -5.84408     -0.335380      -2.95873    
 -5.58266      -1.18434      -3.53789    
 -5.69794      -2.25436      -3.86630    
 -5.59644      -3.22462      -3.51717    
 -6.03559      -3.40989      -2.44229    
 -6.84456      -3.56034      -1.77168    
 -7.89489      -3.93020      -1.98715    
 -8.44665      -4.24137      -2.97465    
 -8.59846      -5.10514      -3.14316    
 -8.72508      -5.93685      -3.43109    
 -8.60151      -6.86300      -3.02344    
 -8.91694      -7.17278      -2.22392    
 -9.04705      -8.14660      -1.64024    
 -9.74090      -8.47858     -0.869960    
 -10.2505      -8.01117     -0.387416    
 -10.8213      -7.14783      0.511152E-01
 -10.7167      -6.40564     -0.668041    
 -9.98001      -5.99609      -1.29064    
 -9.22085      -6.02652      -1.89326    
 -8.55573      -5.59239      -2.28558    
 -7.88215      -5.22503      -2.90554    
 -7.27642      -4.19900      -3.03989    
 -6.44046      -3.24363      -3.03167    
 -5.77197      -2.36813      -3.09775    
 -5.31260      -1.60996      -2.80371    
 -4.97310     -0.690182      -2.83837    
 -5.20157      0.377390      -3.11006    
 -5.31057       1.23653      -2.68943    
 -5.34153       1.65748      -1.80592    
 -4.58944       1.20985      -1.33267    
 -3.66545      0.863816     -0.866318    
 -2.78709      0.816212     -0.352090    
 -1.88382       1.18830     -0.351880    
-0.928283      0.766607     -0.324234    
-0.749484E-01  0.542714     -0.285426    
 0.762007     -0.215360E-01  0.639018E-01
  1.58909     -0.577206E-01  0.170141    
  2.44592     -0.154276     -0.228432    
  3.10345     -0.143951     -0.854663    
  3.75808     -0.831476      -1.44692    
  4.66598      -1.02846      -1.61001    
  5.64560     -0.996346      -1.57427    
  6.68325      -1.12175      -1.72286    
  7.73062      -1.15357      -1.85495    
  8.48019      -1.85577      -1.48167    
  8.83311      -2.53822     -0.919139    
  8.83207      -3.61612     -0.906570    
  8.69133      -4.40580      -1.24944    
  8.10941      -5.32317      -1.76242    
  8.31131      -6.15583      -2.12831    
  8.66432      -6.76668      -2.78103    
  9.38775      -7.31721      -3.23724    
  10.4602      -7.09570      -3.16702    
  11.1653      -7.74707      -3.13122    
  11.4496      -8.47974      -2.52503    
  12.3819      -9.15274      -2.58132    
  13.0630      -9.47553      -3.08229    
  12.6350      -10.0407      -3.90064    
  11.8799      -10.3461      -4.65352    
  11.7098      -11.3112      -4.94790    
  12.5152      -11.6430      -5.11963    
  13.2630      -10.8943      -4.97435    
  13.1267      -10.1735      -4.37545    
  12.6444      -9.22067      -3.77938    
  11.7558      -8.57654      -3.91046    
  10.9923      -7.93808      -3.75293    
  10.3441      -7.62324      -3.02093    
  9.61783      -6.99321      -2.55369    
  9.64871      -6.02178      -2.46554    
  9.27264      -4.98175      -2.16269    
  8.86864      -4.07425      -1.90591    
  8.11839      -3.46453      -1.40512    
  7.56287      -2.82635      -1.28511    
  6.80810      -2.08382     -0.827183    
  6.62675      -1.12117     -0.306225    
  6.07653     -0.418526     -0.900027    
  5.25971     -0.883176E-01  -1.32124    
  4.72583     -0.404623      -2.12262    
  4.12401      -1.00979      -2.43288    
  3.59350      -1.55953      -1.78267    
  2.99160      -1.51846      -1.11081    
  2.90754     -0.949767     -0.326442    
  3.40952     -0.491866E-01 -0.284300    
  3.46559      0.803776     -0.812968    
  2.96411       1.57201      -1.23614    
  2.19913       2.12704      -1.33562    
  2.26444       3.09598      -1.04419    
  1.97986       3.84269     -0.315934    
  1.75547       4.31874      0.680439    
  2.42923       4.47886       1.32747    
  3.50173       4.31231       1.77204    
  4.46358       3.93849       2.10719    
  5.40964       3.82173       2.36236    
  6.31773       3.43127       2.65046    
  7.29246       3.30306       2.78689    
  7.94828       3.32095       3.42829    
  8.71031       2.80505       3.73498    
  9.48725       2.12410       3.72729    
  9.14258       1.42813       4.65650    
  9.54880       1.23361       5.47483    
  9.41404      0.898875       6.29128    
  8.99199      0.718317       7.10872    
  8.66478      0.704652       8.06789    
  8.41633      0.718448E-01   8.94077    
  8.36179     -0.935140       9.44195    
  8.92561      -1.42035       10.1533    
  8.54863      -1.55157       11.0941    
  8.11396      -1.72874       11.7849    
  7.45743      -2.13877       11.8637    
  6.81108      -2.72133       11.9716    
  6.50330      -3.08294       12.9798    
  6.81137      -2.97275       13.9706    
  6.74540      -2.37371       14.8009    
